0.01 2 0.0017998995009433716 0.001866563534291591 0.0017999005509240342
0.02 3 0.003602275914177896 0.003599205296044258 0.0035992053293702393
0.03 4 0.005404748031490599 0.005463950092532926 0.005397318672746883
0.04 5 0.007207852824827856 0.007193645071609522 0.0071936451382173605
0.05 6 0.00901054247215396 0.009054157220475109 0.008987589612535053
0.06 7 0.010812391776518698 0.010778557322025524 0.010778557421826998
0.07 8 0.012612745837767095 0.012632426020050522 0.01256595444130926
0.08 9 0.014411027330790754 0.014349187072054107 0.014349187204916975
0.09 10 0.016206634150757213 0.016194006393525882 0.016127663014832025
0.1 11 0.017998972485421996 0.017900789885143244 0.01790079005089133
0.11 12 0.019787446628373482 0.019734160549730786 0.019667977479858708
0.12 13 0.02157146224086339 0.02142863536613006 0.021428635564543386
0.13 14 0.02335042551184437 0.023248166502638258 0.02318217577274813
0.14 15 0.025123743550225865 0.024928010655215112 0.024928010886030066
0.15 16 0.02689082441111837 0.02673132156012191 0.02666555510825733
0.16 17 0.02865107722952008 0.028394223911035025 0.028394224173944556
0.17 18 0.03040391232245845 0.03017894580071985 0.03011343545635049
0.18 19 0.03214874130004553 0.03182260778066696 0.03182260807532078
0.19 20 0.033884977173718044 0.03358638553624235 0.033521163004859224
0.2 21 0.03561203446501534 0.035208522854405795 0.0352085231804107
0.21 22 0.037329329313913494 0.03694901675806844 0.03688411360583913
0.22 23 0.039036279586973636 0.03854736110316371 0.038547361460083786
0.23 24 0.04073230498520941 0.04026224856498583 0.040197696203477226
0.24 25 0.04241682715167937 0.041834549296351546 0.04183454968370855
0.25 26 0.044089269778780804 0.04352152657043935 0.04345735624141514
0.26 27 0.04574905871523027 0.045065552398113 0.04506555281538671
0.27 28 0.04739562207271361 0.0467223362870646 0.04665857904736503
0.28 29 0.04902839033218897 0.04823587693979457 0.04823587738642314
0.29 30 0.05064679644982654 0.04986020648639668 0.04979689319290776
0.3 31 0.05225027596256756 0.05134107436654805 0.05134107484192846
0.31 32 0.053838267093287547 0.0529307125316582 0.052867873826377754
0.32 33 0.055410210855545754 0.054376744355977266 0.05437674485946574
0.33 34 0.05696555115790606 0.05592947968154587 0.055867145976753504
0.34 35 0.058503734907811515 0.05733853810675658 0.057338538637669065
0.35000000000000003 36 0.06002421211499776 0.0588521863629519 0.05879038782649029
0.36 37 0.061526435994427614 0.06022216159516595 0.060222162152778654
0.37 38 0.0630098630687325 0.0616945674105741 0.061633333951248516
0.38 39 0.0644739532701428 0.06302337879750582 0.06302337938105573
0.39 40 0.06591817004189297 0.06445241727138755 0.06439177852449073
0.4 41 0.06734198043908404 0.06573801487637446 0.06573801548505989
0.41000000000000003 42 0.06874485522898878 0.06712159317197088 0.06706157848494036
0.42 43 0.07012626899078324 0.06836195932881144 0.06836195996179266
0.43 44 0.07148570021468914 0.06969801824670142 0.06963865666491618
0.44 45 0.07282263140051175 0.07089116909433232 0.07089116975073216
0.45 46 0.07413654915555748 0.07217768462485614 0.07211900487757938
0.46 47 0.0754269442919161 0.07332167162090307 0.07332167229980756
0.47000000000000003 48 0.07669331192309209 0.07455665647467852 0.07449868696115353
0.48 49 0.07793515155996997 0.0756495678869266 0.0756495685873857
0.49 50 0.07915196720609868 0.0768310730024964 0.07677384177820211
0.5 51 0.08034326745227985 0.0778710353773392 0.07787103609836744
0.51 52 0.08150856557044472 0.07899715140500188 0.07894068616807479
0.52 53 0.08264737960680604 0.07998233101194063 0.07998233175251791
0.53 54 0.08375923247426863 0.08105118977283038 0.08099551785065952
0.54 55 0.08484365204408542 0.08197979402410974 0.08197979478318204
0.55 56 0.08590017123674377 0.08298956994360512 0.08293471827960636
0.56 57 0.08692832811206781 0.08385984878808504 0.08385984956456526
0.5700000000000001 58 0.08792766595852265 0.08480876030264123 0.08475475544321746
0.58 59 0.08889773338170616 0.0856190075930202 0.08561900838578893
0.59 60 0.08983808439201448 0.08650531852953432 0.08645218661122786
0.6 61 0.09074827849146724 0.08725387336205388 0.08725387416996028
0.61 62 0.09162788075967865 0.08807589428888933 0.08802366102573261
0.62 63 0.09247646193896086 0.08876114231466621 0.0887611431365288
0.63 64 0.09329359851854602 0.08951723186347754 0.08946592253454831
0.64 65 0.09407887281791368 0.09013760657062536 0.090137607405233
0.65 66 0.09483187306921004 0.0908261727281424 0.09077581216532951
0.66 67 0.09555219349874645 0.0913801566938626 0.09138015753997532
0.67 68 0.09623943440756305 0.09199965806280977 0.09195027063879534
0.68 69 0.09689320225104603 0.09248578417464769 0.09248578503099772
0.6900000000000001 70 0.09751310971758441 0.09303473120299201 0.09298634081945584
0.7000000000000001 71 0.098098775806255 0.0934515838484728 0.09345158471376541
0.71 72 0.09864982590352181 0.09392854002621218 0.09388117010226421
0.72 73 0.09916589185893852 0.09427475625008863 0.09427475712300318
0.73 74 0.09964661205984152 0.0946783392728113 0.0946320127336575
0.74 75 0.10009163150502107 0.09495260990117468 0.09495261078036568
0.75 76 0.10050060187735935 0.095281492799639 0.09523623206548643
0.76 77 0.10087318161542327 0.09548256353016338 0.09548256441426135
0.77 78 0.10120903598400019 0.09573547576516704 0.09569130274037325
0.78 79 0.10150783714356577 0.09586214822277635 0.095862149110389
0.79 80 0.10176926421867197 0.09603787674460432 0.0959948128070765
0.8 81 0.10199300336524443 0.0960890095018722 0.09608901039158543
0.81 82 0.10217874783677822 0.09618639977363254 0.0961444657644814
0.8200000000000001 83 0.10232619804942097 0.09616090933524467 0.09616091022562362
0.8300000000000001 84 0.1024350616459328 0.09617886631942274 0.09613808253287616
0.84 85 0.10250505355851258 0.09607572807005255 0.09607572895964278
0.85 86 0.10253589607048005 0.09601321717763481 0.09597360335121634
0.86 87 0.1025273188768038 0.09583146629260426 0.09583146717993282
0.87 88 0.10247905914346503 0.09568751429414478 0.09564908959912137
0.88 89 0.10239086156564685 0.09542624661226395 0.09542624749584047
0.89 90 0.10226247842474029 0.0951999425102884 0.09516272554239237
0.9 91 0.10209366964415673 0.09485831536828845 0.09485831624660634
0.91 92 0.10188420284393765 0.09454881123045313 0.09451282000088258
0.92 93 0.10163385339415276 0.09412604425845077 0.09412604512998837
0.93 94 0.10134240446707725 0.09373255601089603 0.09369780793759831
0.9400000000000001 95 0.10100964708813932 0.093227931888349 0.09322793275157076
0.9500000000000001 96 0.1006353801856298 0.09274974006871045 0.09271625196795254
0.96 97 0.10021941063916476 0.09216260524034693 0.09216260609370455
0.97 98 0.0997615533268932 0.09159905570991028 0.0915668437881405
0.98 99 0.09926163117144189 0.0909288210611383 0.09092882190307197
0.99 100 0.09871947518458898 0.09027932567564752 0.09024840552165245
1.0 101 0.09813492451065906 0.08952546716697493 0.08952546799591349
1.01 102 0.09750782646863172 0.08878950440562763 0.08875989098298677
1.02 103 0.096838036592957 0.08795156366563936 0.08795156448000474
1.03 104 0.09612541867306942 0.08712867921782713 0.08710038685767457
1.04 105 0.09536984479159472 0.08620626409431319 0.08620626489251842
1.05 106 0.09457119536124171 0.08529607140368914 0.08526911379777477
1.06 107 0.09372935916037334 0.08428885647250334 0.08428885725295482
1.07 108 0.09284423336724959 0.08329103723798384 0.0832654274320484
1.08 109 0.09191572359293725 0.08219876426927555 0.08219876503037435
1.09 110 0.09094374391287918 0.08111306890260832 0.08108881929006996
1.1 111 0.0899282168971185 0.07993554728407161 0.07993554802421472
1.11 112 0.08886907363917099 0.07876179532362705 0.07873891763958368
1.12 113 0.08776625378354104 0.07749890244044419 0.07749890315802578
1.1300000000000001 114 0.08661970555187537 0.07623698292091273 0.07621548823646294
1.1400000000000001 115 0.08542938576775011 0.074888664492093 0.07488866518550576
1.1500000000000001 116 0.08419525988008521 0.07353853626979645 0.07351843498668184
1.16 117 0.08291730198518324 0.07210480664063688 0.07210480730827322
1.17 118 0.08159549484738626 0.0706664986741876 0.07064780051975902
1.18 119 0.0802298299183483 0.06914744106460731 0.06914744170486065
1.19 120 0.07882030735491775 0.06762105265067542 0.06760376667318564
1.2 121 0.07736693603562717 0.0660168193592017 0.06601681997046785
1.21 122 0.07586973357578594 0.06440252032317594 0.06438665488740103
1.22 123 0.07432872634117281 0.06271333288638516 0.0627133334670635
1.23 124 0.07274394946032488 0.061011363727739874 0.06099692651093126
1.24 125 0.07111544683542027 0.05923751303498312 0.05923751358347798
1.25 126 0.06944327115175111 0.05744818502718992 0.05743518301535933
1.26 127 0.0677274838857848 0.055590031390458934 0.05559003190518085
1.27 128 0.06596815531181073 0.053713726635308115 0.053702166119846975
1.28 129 0.06416536450717053 0.0517716998141236 0.05177170029349064
1.29 130 0.06231919935606959 0.04980887125034703 0.04979875782498212
1.3 131 0.06042975655196816 0.04778347043157735 0.04778347087401638
1.31 132 0.05849714159855051 0.04573464179769146 0.04572598035577816
1.32 133 0.05652146880927068 0.043626435530236554 0.04362643593418457
1.33 134 0.054502861305473674 0.041492201281550255 0.04148499601370482
1.34 135 0.052441451013091014 0.039301827365851805 0.0393018277297572
1.35 136 0.05033737865791014 0.03708285254561154 0.03707710693768343
1.36 137 0.04819079375941692 0.034811017877976996 0.034811018200300865
1.37 138 0.046001854623210964 0.03250803794264767 0.03250375477403306
1.3800000000000001 139 0.043770728331993504 0.030155518314402295 0.030155518593619736
1.3900000000000001 140 0.04149759073512822 0.027769338913109804 0.027766520255406928
1.4000000000000001 141 0.039182626436775086 0.025336978764617428 0.025336978999218815
1.41 142 0.03682602878259762 0.022868475472805443 0.022867122688812525
1.42 143 0.034427999845044265 0.020357187602425164 0.020357187790917424
1.43 144 0.03198875040720548 0.017807305609805254 0.017807419352861505
1.44 145 0.029508499945246437 0.01521807083787793 0.015218070978785836
1.45 146 0.02698747660941766 0.012587824590780308 0.012589404804450264
1.46 147 0.02442591720364485 0.00992169137876509 0.009921691470632498
1.47 148 0.0218240671636995 0.007212164177021929 0.0072152100951233256
1.48 149 0.01918218053395228 0.004470248201929733 0.004470248243320873
1.49 150 0.016500519942711754 0.001682591750451941 0.0016871018974270863
1.5 151 0.013779356576150061 0.001133924565251029 0.0011339245757503195
1.51 152 0.0110189701508191 0.003998490650017301 0.003992518458386827
1.52 153 0.008219648884758938 0.006888358652836326 0.006888358716617352
1.53 154 0.005381689467202558 0.009828547381360013 0.009821116036895684
1.54 155 0.002505397026878983 0.012790452745303134 0.012790452863733117
1.55 156 4.0891490108049475E-4 0.015804910338085575 0.015796023438811778
1.56 157 0.0033609244096308166 0.01883747366704737 0.018837473841468222
1.57 158 0.006350301255691068 0.021924780182140308 0.0219144420305424
1.58 159 0.009376706897409184 0.025026557655860066 0.025026557887587186
1.59 160 0.012439794532807961 0.02818522766049168 0.028173443261433118
1.6 161 0.015539209139808947 0.03135471172378209 0.03135471201410316
1.61 162 0.018674587517628682 0.034583195009772236 0.03456997006807176
1.62 163 0.021845558329543425 0.037818815104688756 0.03781881545486257
1.6300000000000001 164 0.02505174214701603 0.041115497447308635 0.04110083836497868
1.6400000000000001 165 0.028292751495181227 0.044415620787904175 0.044415621199159455
1.6500000000000001 166 0.0315681908996823 0.047778824747809596 0.04776273862095729
1.6600000000000001 167 0.03487765693485499 0.05114175713709379 0.05114175761062804
1.67 168 0.038220738273251224 0.05456974290493571 0.054552237520327944
1.68 169 0.04159701573649836 0.05799372959363255 0.05799373013061092
1.69 170 0.045006062347485616 0.06148469587692332 0.06146577970821753
1.7 171 0.04844744338387344 0.0649679224635961 0.06496792306515026
1.71 172 0.05192071643291717 0.0685200074153833 0.06849968961902585
1.72 173 0.05542543144759974 0.07206060078747092 0.07206060145469795
1.73 174 0.05896113080406498 0.07567188297634785 0.07565017338714189
1.74 175 0.06252734936034557 0.0792679122916318 0.07926791302559312
1.75 176 0.066123614516377 0.08293641171258664 0.08291332083893174
1.76 177 0.06974944627529114 0.08658588942058365 0.08658589022230395
1.77 178 0.0734043573059801 0.09030956854616619 0.09028510756497193
1.78 179 0.07708785300692411 0.09401045144891758 0.09401045231938374
1.79 180 0.0807994315712734 0.0977872163201773 0.0977613970714533
1.8 181 0.08453858405317732 0.10153740667188205 0.10153740761204216
1.81 182 0.08830479443535091 0.1053651080285079 0.10533794300963291
1.82 183 0.09209753969787084 0.10916245467342282 0.10916245568418513
1.83 184 0.0959162898881913 0.11303888912249091 0.11301039148216382
1.84 185 0.09976050819237112 0.1168811886704983 0.11688118975273032
1.85 186 0.10362965100750259 0.12080409989321042 0.12077428342508595
1.86 187 0.10752316801533232 0.12468909793243037 0.12468909908695772
1.87 188 0.11144050225706481 0.12865617792820327 0.12862505706421568
1.8800000000000001 189 0.11538109020933811 0.13258157027400533 0.13258157150161107
1.8900000000000001 190 0.11934436186136299 0.13659046064124777 0.13655805044462535
1.9000000000000001 191 0.12332974079321361 0.14055389462099424 0.14055389592241768
1.9100000000000001 192 0.12733664425526064 0.1446021878738864 0.14456850403186086
1.92 193 0.1313644832487349 0.14860126364671755 0.14860126502265358
1.93 194 0.13541266260741353 0.15268650456728533 0.1526515633834988
1.94 195 0.13948058108041303 0.15671877647823593 0.15671877792933403
1.95 196 0.14356763141608342 0.1608384635029912 0.16080228188960505
1.96 197 0.14767320044698845 0.16490144147070462 0.16490144299756804
1.97 198 0.151796669175962 0.16905302811110082 0.1690156235806101
1.98 199 0.15593741286322815 0.1731441790483892 0.1731441806515742
1.99 200 0.16009480111457525 0.1773250753443207 0.1772864660010778
2.0 201 0.16426819797056907 0.18144182461079605 0.181441826290811
2.0100000000000002 202 0.16845696199679538 0.1856493986163502 0.18560960314780223
2.02 203 0.17266044637511782 0.18978913150233334 0.1897891332596381
2.0300000000000002 204 0.17687799899594134 0.19402071080298172 0.19397974847062574
2.04 205 0.18110896255146458 0.19818077404387618 0.19818077587888122
2.05 206 0.18535267462991356 0.20243364730427535 0.20239153793433534
2.06 207 0.18960846781073837 0.20661135062457256 0.2066113525376384
2.07 208 0.1938756697607641 0.21088276916612209 0.21083953313995338
2.08 209 0.19815360333128143 0.21507538685218736 0.2150753888436238
2.09 210 0.2024415866560622 0.21936256625947556 0.2193182245036998
2.1 211 0.20673893325028914 0.22356733876024606 0.2235673408303116
2.11 212 0.2110449521103831 0.22786746051549606 0.22782203449187294
2.12 213 0.21535894781471737 0.2320815960702021 0.23208159821910324
2.13 214 0.21968022062520193 0.23639180921481218 0.23634532090985158
2.14 215 0.22400806658972608 0.2406124855068181 0.24061248773470892
2.15 216 0.22834177764544372 0.24492990832907316 0.24488238024339393
2.16 217 0.232680641722888 0.24915427416491598 0.2491542764718973
2.17 218 0.2370239428509004 0.25347599591293035 0.2534274510503696
2.18 219 0.24137096126235927 0.25770117292561817 0.2577011753117374
2.19 220 0.2457209735006939 0.26202425554455294 0.2619747174010326
2.2 221 0.25007325252716944 0.2662473399201701 0.26624734238542036
2.21 222 0.2544270678289263 0.2705688198127536 0.2705183123649081
2.22 223 0.2587816855277609 0.27478688403940255 0.27478688658372263
2.23 224 0.26313636848963007 0.2791037738487658 0.27905232154233733
2.24 225 0.2674903764348675 0.2833138684868625 0.28331387111013606
2.25 226 0.27184296604909264 0.28762315890068746 0.2875707866386946
2.2600000000000002 227 0.2761933910947991 0.29182231437361245 0.29182231707566786
2.27 228 0.28054090252360653 0.29612097594857706 0.29606770907926155
2.2800000000000002 229 0.2848847485891592 0.3003062043526687 0.3003062071332785
2.29 230 0.28922417496065694 0.30459118935815815 0.3045370536627163
2.3000000000000003 231 0.2935584248370009 0.30875948629102506 0.3087594891499059
2.31 232 0.29788673906153895 0.3130277305710659 0.3129727522511707
2.32 233 0.30220835623739384 0.3171760769771793 0.31717607991399144
2.33 234 0.3065225128433604 0.32142450182954074 0.32136870749466023
2.34 235 0.31082844335034887 0.3255498658620577 0.3255498688764048
2.35 236 0.31512538033836734 0.3297753799334516 0.3297187965879703
2.36 237 0.3194125546140176 0.3338747188312072 0.3338747219226362
2.37 238 0.3236891953284946 0.33807422002750886 0.33801687505765726
2.38 239 0.3279545300960674 0.34214448200610525 0.3421444851741061
2.39 240 0.33220778511302923 0.3463148594165035 0.34625678057710385
2.4 241 0.3364481852770965 0.3503529855724139 0.35035298881641935
2.41 242 0.34067495430724165 0.3544911214063897 0.3544323368074223
2.42 243 0.3448873148639419 0.3584940476329837 0.35849405095236925
2.43 244 0.34908448866982605 0.3625968191690101 0.3625373572620085
2.44 245 0.3532656966307042 0.36656147808339956 0.36656148147748335
2.45 246 0.3574301589569609 0.37062575962823974 0.37056564919252033
2.46 247 0.36157709528529536 0.3745490825078352 0.37454908597587827
2.47 248 0.365705724800791 0.3785717473653154 0.3785110174940485
2.48 249 0.36981526635929707 0.3824506660929746 0.38245066963418045
2.49 250 0.37390493861010426 0.3864285885410933 0.3863672686272221
2.5 251 0.3779739601188973 0.3902600375577365 0.39026004117125124
2.5100000000000002 252 0.382021549490966 0.3941900948329698 0.3941282145549846
2.52 253 0.38604692549465736 0.3979710130965301 0.3979710167814426
2.5300000000000002 254 0.3900493071850523 0.40185008738418265 0.4017876766917565
2.54 255 0.39402791402784537 0.40557742033375244 0.40557742408909464
2.5500000000000003 256 0.39798196602341407 0.4094024007632006 0.4093394898626943
2.56 257 0.40191068383105677 0.4130731022872315 0.41307310611197806
2.57 258 0.40581328889338214 0.4168408869308969 0.4167775062707387
2.58 259 0.4096890035608327 0.4204519213383035 0.42045192523137237
2.59 260 0.4135370512163221 0.42415941921319383 0.42409559946914344
2.6 261 0.4173566563999715 0.4277077632062096 0.4277077671664621
2.61 262 0.42114704493392346 0.4313518962768563 0.4312876683371575
2.62 263 0.42490744404721814 0.4348345409244848 0.4348345449507259
2.63 264 0.42863708250071003 0.43841224610610674 0.43834764105653823
2.64 265 0.4323351907120114 0.4418261988170086 0.44182620290798724
2.65 266 0.43600100088043947 0.44533442997772615 0.44526947908655606
2.66 267 0.43963374711195424 0.4486767164713817 0.44867672062579095
2.67 268 0.44323266554406177 0.4521124464323047 0.45204718113515735
2.68 269 0.4467969944706728 0.4553801127072872 0.4553801169237648
2.69 270 0.4503259744668907 0.45874033523929786 0.45867478712393894
2.7 271 0.45381884851371607 0.4619304495374947 0.4619304538146236
2.71 272 0.45727486212264634 0.46521218135354736 0.465146382144596
2.72 273 0.4606932634601529 0.46832183611916506 0.46832184045547337
2.73 274 0.4640733034720177 0.4715221188609221 0.4714561004044966
2.74 275 0.46741423600751186 0.4745484326931085 0.4745484370870704
2.75 276 0.4707153179433943 0.47766433491073657 0.4775981291590411
2.7600000000000002 277 0.47397580930771643 0.4806044545086602 0.48060445895869625
2.77 278 0.47719497340341255 0.4836330736326052 0.48356671262846557
2.7800000000000002 279 0.4803720769316568 0.48648417573182834 0.48648418023630624
2.79 280 0.483506390114969 0.4894226400353984 0.4893561558967534
2.8000000000000003 281 0.48659718682005304 0.49218193333438465 0.4921819378916195
2.81 282 0.48964374468034466 0.49502740388596406 0.4949608287903211
2.82 283 0.49264534521825676 0.4976921309615644 0.4976921355698195
2.83 284 0.4956012739670976 0.5004418035652913 0.5003751697341529
2.84 285 0.498510820592648 0.5030092427760562 0.5030092474335438
2.85 286 0.501373279014378 0.5056603498997969 0.5055936895830655
2.86 287 0.5041879475262842 0.5081278172759642 0.5081278219808459
2.87 288 0.5069541289173303 0.5106776299654237 0.5106109754257939
2.88 289 0.5096711305914716 0.5130424810844406 0.5130424858348285
2.89 290 0.512338264687249 0.5154883108622513 0.5154216943595947
2.9 291 0.5149548481969278 0.5177479427086902 0.5177479475026471
2.91 292 0.5175202030851707 0.520087143457331 0.520020597233083
2.92 293 0.5200336564072212 0.5222389962660682 0.5222390011016089
2.93 294 0.5224945404265837 0.5244689660934672 0.5244025223550225
2.94 295 0.5249021927321789 0.5265105251749986 0.5265105300500905
2.95 296 0.5272559563549596 0.5286287082616843 0.5285623991668092
2.96 297 0.5295551798839668 0.5305575058084607 0.5305575107210246
2.97 298 0.5317992175818113 0.532561394235132 0.5324952518764007
2.98 299 0.5339874294995594 0.5343750111078028 0.5343750160557139
2.99 300 0.5361191815910079 0.5362621466621978 0.5361962030514598
3.0 301 0.5381938458263307 0.5379582141546632 0.537958219135752
3.0100000000000002 302 0.5402108003050776 0.5397261901166132 0.5396604771695
3.02 303 0.542169429368511 0.5413023916987915 0.541302396710845
3.0300000000000002 304 0.54406912371126 0.5429488546023604 0.5428834041228396
3.04 305 0.5459092804922759 0.5444029276395915 0.5444029326803537
3.0500000000000003 306 0.547689303445075 0.5459255790112074 0.5458604226761892
3.06 307 0.5494086029872443 0.5472553164592158 0.5472553215263888
3.0700000000000003 308 0.5510665963292021 0.548651914530714 0.5485870838747207
3.08 309 0.5526627075821892 0.5498551666050766 0.5498551716963224
3.09 310 0.5541963678654777 0.5511235280005863 0.5510590544004897
3.1 311 0.5556670154127804 0.5521982038196523 0.5521982089325929
3.11 312 0.5570740956778432 0.5533362052152666 0.5532721198751032
3.12 313 0.5584170614392028 0.5542802744154968 0.5542802795477157
3.13 314 0.5596953729040981 0.5552858541706851 0.5552221881065524
3.14 315 0.5609084978115123 0.5560973484933835 0.5560973536424272
3.15 316 0.5620559115343348 0.5569685082531133 0.55690529227816
3.16 317 0.5631370971806238 0.5576455231015454 0.557645528264924
3.17 318 0.5641515456939553 0.5583803293680966 0.5583175940776086
3.18 319 0.5650987559528416 0.5589210253339963 0.5589210305091851
3.19 320 0.5659782348692025 0.5595176110074652 0.5594553867640587
3.2 321 0.5667894974858768 0.5599202153659513 0.5599202205503918
3.21 322 0.567532067073155 0.5603767812524578 0.5603150981713841
3.22 323 0.5682054752243191 0.5606395894243931 0.5606395946154944
3.23 324 0.5688092619501753 0.5609544057110184 0.560893293645589
3.24 325 0.5693429757725621 0.5610757826918634 0.5610757878870036
3.25 326 0.56980617381682 0.5612471903873633 0.5611866789145014
3.2600000000000002 327 0.5701984219032092 0.5612255721415904 0.5612255773381175
3.27 328 0.5705192946372569 0.5612519844819449 0.5611921028878708
3.2800000000000002 329 0.5707683754990228 0.5610858793020981 0.5610858844973319
3.29 330 0.5709452569312664 0.5609657831199769 0.5609065603860336
3.3000000000000003 331 0.5710495404265029 0.5606537729494762 0.5606537781407089
3.31 332 0.5710808366129324 0.5603857300067155 0.5603271947953433
3.3200000000000003 333 0.5710387653392276 0.559926471725529 0.5599264769100275
3.33 334 0.5709229557581689 0.5595091200077358 0.5594513006485996
3.34 335 0.5707330464091089 0.5589013466800536 0.5589013518550603
3.35 336 0.5704686852992568 0.558333401652471 0.5582763261287498
3.36 337 0.570129529983765 0.5575759237355411 0.5575759288982753
3.37 338 0.5697152476446077 0.5568561795593283 0.5567998754941718
3.38 339 0.5692255151682372 0.5559478860726293 0.5559478912202891
3.39 340 0.5686600192220033 0.5550752167807292 0.5550197114238888
3.4 341 0.5680184563293255 0.554015076434678 0.5540150815644413
3.41 342 0.5673005329436023 0.5529884370664678 0.5529337572811085
3.42 343 0.5665059655208482 0.5517754993498775 0.5517755044589041
3.43 344 0.5656344805910418 0.5505939270438157 0.550540099293515
3.44 345 0.5646858148281775 0.5492273232693451 0.5492273283547775
3.45 346 0.5636597151190037 0.5478899383128517 0.5478369886487917
3.46 347 0.5625559386304397 0.5463688826197035 0.5463688876786689
3.47 348 0.5613742528756565 0.5448748894555335 0.5448228435038932
3.48 349 0.5601144357788116 0.5431986797686845 0.5431986847982962
3.49 350 0.5587762757384246 0.5415473679570723 0.5414962509066247
3.5 351 0.557359571689386 0.5397153869023393 0.5397153918996983
3.5100000000000002 352 0.5558641331635815 0.5379061320382198 0.5378559686281416
3.52 353 0.5542897803491288 0.5359178478124884 0.5359178527746851
3.5300000000000002 354 0.5526363441482083 0.5339501123971219 0.5339009269050201
3.54 355 0.5509036662334842 0.5318050795930884 0.5318050845172039
3.5500000000000003 356 0.5490915991030999 0.5296784138594366 0.5296302300895991
3.56 357 0.547200006134241 0.5273762742442369 0.527376279127345
3.5700000000000003 358 0.5452287616352538 0.5250903169354686 0.5250431582073436
3.58 359 0.5431777508963115 0.5226308001825919 0.5226308050217604
3.59 360 0.5410468702386155 0.520185279283114 0.5201391684200235
3.6 361 0.538836027062126 0.5175682036570239 0.5175682084493166
3.61 362 0.5365451398918086 0.5149629370754626 0.5149178963935575
3.62 363 0.534174138422392 0.5121882100683735 0.5121882148108514
3.63 364 0.5317229635616232 0.5094231062719556 0.5093791575694147
3.64 365 0.5291915674720161 0.5064907251922339 0.5064907298819574
3.65 366 0.5265799136110829 0.5035657837920414 0.5035229483385218
3.66 367 0.523887976770037 0.500475836303733 0.5004758409377633
3.67 368 0.5211157431109672 0.4973911485903305 0.49734944711667417
3.68 369 0.5182632102024656 0.4941438132033361 0.49414381777873656
3.69 370 0.51533038705371 0.49089956263230117 0.49085901532050147
3.7 371 0.5123172941469859 0.48749510914274835 0.4874951136565868
3.71 372 0.5092239634686491 0.4840915717696535 0.4840521982430881
3.72 373 0.5060504385385115 0.48053036165004437 0.4805303660993944
3.73 374 0.5027967744376549 0.47696790651447385 0.4769297258284074
3.74 375 0.4994630378346548 0.4732503932532086 0.4732503976351517
3.75 376 0.4960493070102169 0.46952948271141615 0.46949251334377834
3.7600000000000002 377 0.49255567188021343 0.46565621210132346 0.46565621641295013
3.77 378 0.48898223401711893 0.46177740210716467 0.46174166194960764
3.7800000000000002 379 0.48532910666983314 0.45774901248269667 0.4577490167211086
3.79 380 0.4815964147818934 0.4537129528164994 0.4536784591657389
3.8000000000000003 381 0.4777842950080616 0.449530175239275 0.4495301794015866
3.81 382 0.4738928957292915 0.44533760968433717 0.4453043792337814
3.8200000000000003 383 0.46992237706606 0.44100126807674606 0.4410012721600865
3.83 384 0.4658729108900679 0.4366530345431794 0.43662108337485006
3.84 385 0.4617446808342976 0.43216404576978806 0.43216404977130246
3.85 386 0.4575378823014288 0.42766107636545364 0.42763041994220324
3.86 387 0.45325272247060605 0.42302045026198076 0.4230204541788324
3.87 388 0.4488894203025529 0.41836377131029306 0.4183344244683211
3.88 389 0.4444482065430326 0.41357261065995243 0.41357261448932414
3.89 390 0.43992932372464727 0.4087633426643528 0.40873531960602605
3.9 391 0.43533302616697844 0.40382284312138833 0.40382284686048453
3.91 392 0.4306595799750582 0.39886220067632416 0.39883551496330316
3.92 393 0.42590926303617666 0.39377365063659087 0.393773654282639
3.93 394 0.42108236501501545 0.38866294228485926 0.38863760683153525
3.94 395 0.4161791873471117 0.38342772270333403 0.3834277262535867
3.95 396 0.4112000432306443 0.37816835073968275 0.3781443778069278
3.96 397 0.40614525761654663 0.3727879348948163 0.37278793834655244
3.97 398 0.401015167196938 0.3673813951157216 0.3673587963049547
3.98 399 0.3958101203918791 0.36185734832057265 0.3618573516710998
3.99 400 0.39053047733444224 0.35630522972014356 0.3562840159677165
4.0 401 0.3851766098541055 0.35063920898024764 0.35063921222692057
4.01 402 0.3797489014584596 0.34494319339223717 0.3449233749641589
4.0200000000000005 403 0.3742477473132341 0.33913694701031427 0.3391369501504843
4.03 404 0.3686735542206432 0.3332988086962426 0.33328039518315933
4.04 405 0.36302674059604245 0.32735417582351306 0.3273541788545829
4.05 406 0.3573077364429085 0.3213757810069482 0.32135878131955414
4.0600000000000005 407 0.35151698332613335 0.31529469114145586 0.3152946940608634
4.07 408 0.3456549343436405 0.3091779974885125 0.30916241985322085
4.08 409 0.3397220540963143 0.30296246992029563 0.30296247272551546
4.09 410 0.33371881865625613 0.2967095259664552 0.2966953779214165
4.1 411 0.32764571553335947 0.2903616691697681 0.2903616718583133
4.11 412 0.3215032436402081 0.28397461369314414 0.2839619020845984
4.12 413 0.31529191325530337 0.27749662466587505 0.277496627235299
4.13 414 0.3090122459846125 0.2709776860070873 0.2709664169860516
4.14 415 0.30266477472145276 0.2643718495575387 0.2643718520054364
4.15 416 0.2962500436047048 0.2577233448863716 0.25771352390566293
4.16 417 0.2897686079753641 0.2509920328676107 0.25099203519162067
4.17 418 0.283221034331425 0.24421636739668987 0.24420799920828695
4.18 419 0.2766079002811128 0.23736203788870439 0.2373620400865102
4.19 420 0.2699297944944554 0.23046170403441868 0.23045479268716232
4.2 421 0.2631873166532094 0.22348690047434078 0.2234869025436726
4.21 422 0.2563810773991305 0.2164644769653048 0.21645902580293894
4.22 423 0.2495116982806089 0.20937182722599673 0.20937182916463287
4.23 424 0.2425798116976606 0.20222997815934102 0.20222598981889495
4.24 425 0.23558606084528866 0.1950221935766643 0.19502219538243293
4.25 426 0.2285310996552091 0.18776366742250705 0.18776114383301948
4.26 427 0.22141559273595893 0.18044354177162653 0.18044354344240704
4.2700000000000005 428 0.21424021531138057 0.17307117032607122 0.17307011270765732
4.28 429 0.20700565315749822 0.16564157874717383 0.16564158028089856
4.29 430 0.19971260253777856 0.1581582760342469 0.15815868489750823
4.3 431 0.1923617701367975 0.15062217390808422 0.15062217530273983
4.3100000000000005 432 0.18495387299230778 0.14303093503101433 0.14303281017679215
4.32 433 0.17748963842572013 0.13539135680470601 0.13539135805833494
4.33 434 0.16996980397099742 0.12769525674701704 0.1276985972664893
4.34 435 0.1623951173019795 0.11995531471058118 0.1199553158212832
4.3500000000000005 436 0.1547663361581351 0.11215750708745825 0.11216231136257995
4.36 437 0.14708422826875853 0.10432039010156263 0.10432039106749622
4.37 438 0.13934957127560474 0.09642410586202027 0.09643037156630707
4.38 439 0.13156315265398713 0.08849307803747672 0.0884930788568605
4.39 440 0.12372576963233428 0.08050162411784585 0.08050934821750053
4.4 441 0.11583822911021649 0.07248002344739687 0.07248002411851102
4.41 442 0.10790134757485678 0.06439678137671244 0.06440596013209376
4.42 443 0.09991595101612201 0.05628801831969202 0.05628801884087957
4.43 444 0.09188287484001773 0.04811644277756322 0.048127071744996364
4.44 445 0.083802963780686 0.039923998798025356 0.03992399916769356
4.45 446 0.07567707181092129 0.031667616125612794 0.03167969015954059
4.46 447 0.06750606205120566 0.023395042184578198 0.02339504240119985
4.47 448 0.05929080667728544 0.01505744884932459 0.015070962104798295
4.48 449 0.05103218682628731 0.0067083638517824755 0.006708363913897225
4.49 450 0.04273109250139519 0.00170677513342843 0.0016918291979196405
4.5 451 0.034388422475084494 0.010128685936055464 0.010128686029839974
4.51 452 0.026005084190938787 0.018617638638610705 0.018601267257973293
4.5200000000000005 453 0.01758199366405066 0.02710862528984975 0.027108625540856593
4.53 454 0.00912007538002281 0.0356675945272621 0.035649805626295994
4.54 455 6.20262192572156E-4 0.04422384405006075 0.04422384445954252
4.55 456 0.00791650478023826 0.052848969103213086 0.05282977129277583
4.5600000000000005 457 0.016489276261141064 0.06146660722675766 0.06146660779589528
4.57 458 0.02509709492015609 0.07015396559575744 0.070133368168596
4.58 459 0.03373899548243426 0.07882905852382747 0.0788290592537292
4.59 460 0.04241400483742633 0.08757466772566658 0.08755268065191936
4.6000000000000005 461 0.0511211421493736 0.09630322394573533 0.09630322483743557
4.61 462 0.059859418969103344 0.1051030433529255 0.10507967727529635
4.62 463 0.0686278393471229 0.11388101548514595 0.11388101653960421
4.63 464 0.07742539994798874 0.12273094820447553 0.12270621443308252
4.64 465 0.08625109016594652 0.13155423488971205 0.13155423610781186
4.65 466 0.09510389224182522 0.14045012968024617 0.14042404018714702
4.66 467 0.10398278138116687 0.1493145775062484 0.14931457888879657
4.67 468 0.11288672587359334 0.15825223073566586 0.15822479814906307
4.68 469 0.1218146872133748 0.16715363620048673 0.16715363774821204
4.69 470 0.13076562022120464 0.1761287938388397 0.17610003143696829
4.7 471 0.13973847316715182 0.18506290535056236 0.185062907064115
4.71 472 0.1487321878947911 0.19407126500049104 0.19404118670519163
4.72 473 0.1577456999464813 0.2030337849123115 0.20303378679226178
4.73 474 0.16677793868978813 0.21207099787476516 0.21203961824474546
4.74 475 0.17582782744502612 0.221057584554454 0.2210575866012921
4.75 476 0.18489428361392052 0.23011925792890262 0.23008659215269067
4.76 477 0.1939762188093529 0.23912552786164953 0.2391255300757841
4.7700000000000005 478 0.20307253898619387 0.24820722667979336 0.24817329056838602
4.78 479 0.21218214457319123 0.2572287566034149 0.25722875898517267
4.79 480 0.22130393060591358 0.26632600599533474 0.2662908159745451
4.8 481 0.23043678686071928 0.27535833506680746 0.2753583376164324
4.8100000000000005 482 0.23957959798974227 0.28446662245852067 0.2844301955610275
4.82 483 0.24873124365687424 0.29350525445078024 0.2935052571684329
4.83 484 0.2578905986747345 0.3026200317921045 0.3025823856492084
4.84 485 0.2670565331425979 0.3116604373200328 0.3116604402057897
4.8500000000000005 486 0.27622791258527674 0.3207771233416841 0.32073827617477346
4.86 487 0.2854035980929284 0.3298147421161865 0.32981474517003956
4.87 488 0.29458244646178405 0.3389287246149745 0.33888869522670645
4.88 489 0.30376331033576925 0.34795896772403173 0.34795897094588746
4.89 490 0.3129450383490047 0.3570656058750397 0.3570244136402394
4.9 491 0.32212647526917026 0.36608385809060245 0.366083861480282
4.91 492 0.33130646214170967 0.37517848478518495 0.37513614964146774
4.92 493 0.34048383643486757 0.3841801068947542 0.3841801104519923
4.93 494 0.34965743218552847 0.39325803110319263 0.3932145735413142
4.94 495 0.35882608014584916 0.4022383622649313 0.4022383659893763
4.95 496 0.36798860793065835 0.41129487142256044 0.41125031247649957
4.96 497 0.3771438401656183 0.4202492315427333 0.4202492354339462
4.97 498 0.3862905986361109 0.42927959395833654 0.42923395519511365
4.98 499 0.39542770243684766 0.4382032860899004 0.4382032901473552
4.99 500 0.40455396812217015 0.44720275337515875 0.4471560568843982
5.0 501 0.41366820985703523 0.45609106613626765 0.4560910703593508
5.01 502 0.42276923956865553 0.46505487565502934 0.46500714403826715
5.0200000000000005 503 0.43185586709878077 0.47390308566624756 0.4739030900542575
5.03 504 0.4409269003565977 0.48282646300237353 0.48277771936211894
5.04 505 0.4499811454722374 0.4916298373413311 0.4916298418934782
5.05 506 0.45901740695085824 0.5005079987838564 0.5004582667124097
5.0600000000000005 507 0.46803448782729384 0.5092617974561156 0.5092618021715223
5.07 508 0.47703118982124226 0.5180899525004538 0.5180392560684876
5.08 509 0.48600631349298073 0.5267894309252954 0.5267894358029958
5.09 510 0.49495865839958036 0.5355627847892023 0.5355111485341112
5.1000000000000005 511 0.5038870232516046 0.5442031962990738 0.5442032013380134
5.11 512 0.5127902060702685 0.5529169524520718 0.5528644013660967
5.12 513 0.5216670043450463 0.5614935508043849 0.5614935560034212
5.13 514 0.5305162151916938 0.5701429135093431 0.5700894730274746
5.14 515 0.5393366355106777 0.5786509554093413 0.578650960767243
5.15 516 0.548127062145985 0.5872311322748904 0.5871768282625579
5.16 517 0.5568862920442895 0.5956658799082549 0.5956658854237028
5.17 518 0.5656131224144673 0.6041720844507086 0.604116943191262
5.18 519 0.5743063508874222 0.6125288080245962 0.6125288136961831
5.19 520 0.5829647756762166 0.6209562622380495 0.6209003104200377
5.2 521 0.5915871957364751 0.6292302425292271 0.6292302483554574
5.21 522 0.600172410927051 0.637574179462472 0.6375174441667263
5.22 523 0.6087192221709233 0.6457607103712127 0.6457607163505036
5.23 524 0.6172264316163134 0.6540163767101362 0.6539588853966621
5.24 525 0.6256928427979893 0.6621107678185318 0.6621107739492127
5.25 526 0.6341172607987511 0.6702734264726177 0.6702152069673051
5.26 527 0.6424984924110618 0.6782710056059583 0.6782710118862717
5.2700000000000005 528 0.6508353462988097 0.6863359382975449 0.6862770187787003
5.28 529 0.6591266331591793 0.6942320540874097 0.6942320605155112
5.29 530 0.6673711658846132 0.702194563942313 0.7021349729270214
5.3 531 0.6755677597248367 0.7099845883900097 0.7099845949639685
5.3100000000000005 532 0.683715232448928 0.717840002528155 0.7177797688584772
5.32 533 0.6918124045074094 0.7255193335671429 0.7255193402849426
5.33 534 0.6998580991943476 0.733263005691804 0.7332021585208176
5.34 535 0.7078511428094266 0.7408270697477323 0.7408270766072709
5.3500000000000005 536 0.7157903648199809 0.7484543827320137 0.7483929515097029
5.36 537 0.7236745980229683 0.7558986372790018 0.7558986442780923
5.37 538 0.7315026787068573 0.7634050057481582 0.7633430202071603
5.38 539 0.7392734468134047 0.7707249418599446 0.7707249489963164
5.39 540 0.7469857460993117 0.7781058147681663 0.778043304909381
5.4 541 0.754638424297724 0.7852969596627501 0.7852969669340488
5.41 542 0.7622303332795629 0.79254782286301 0.7924848189410794
5.42 543 0.7697603292146673 0.7996057424394063 0.7996057498431941
5.43 544 0.7772272727327132 0.806722121244986 0.8066586537536511
5.44 545 0.7846300290839048 0.8136424226107254 0.8136424301444831
5.45 546 0.7919674682993989 0.8206198843470283 0.8205559840043707
5.46 547 0.7992384653514588 0.8273982183350133 0.8273982259961398
5.47 548 0.8064419003132993 0.8342323748802732 0.8341680726138476
5.48 549 0.8135766585186106 0.8408644385536312 0.8408644463394455
5.49 550 0.8206416307207376 0.8475509488671309 0.8474862757989956
5.5 551 0.8276357132514929 0.8540324880106767 0.854032495918418
5.51 552 0.8345578081795794 0.8605670606470902 0.8605020480787456
5.5200000000000005 553 0.8414068234686061 0.8668938722440426 0.8668938802708711
5.53 554 0.8481816731346666 0.8732722678525187 0.8732069472497563
5.54 555 0.854881277403471 0.8794402025450925 0.8794402106880913
5.55 556 0.8615045628669987 0.8856582363517015 0.8855926393293757
5.5600000000000005 557 0.8680504626396552 0.8916632008842267 0.8916632091404019
5.57 558 0.8745179165139105 0.8977167451563967 0.897650903463122
5.58 559 0.8809058711154014 0.903554704799594 0.9035547131658761
5.59 560 0.8872132800574679 0.9094396912911683 0.9093736367939556
5.6000000000000005 561 0.8934391040951116 0.9151066722462453 0.9151066807194908
5.61 562 0.8995823112783453 0.9208190946217985 0.920752859290629
5.62 563 0.9056418771049255 0.9263111864030078 0.9263111949799988
5.63 564 0.91161678467243 0.9318471026400654 0.9317807185324196
5.64 565 0.9175060248296725 0.9371604604344023 0.9371604691118502
5.65 566 0.9233085963274305 0.942515995202215 0.9424494944475555
5.66 567 0.9290235059684566 0.9476468422049138 0.9476468509794582
5.67 568 0.9346497687567663 0.9528181892184479 0.9527516040026702
5.68 569 0.9401864080461709 0.9577628189429622 0.9577628278111736
5.69 570 0.9456324556880367 0.9627462432907772 0.9626796058406318
5.7 571 0.9509869521782508 0.9675010218519349 0.9675010308103149
5.71 572 0.9562489468033761 0.9722928622966208 0.9722262048641152
5.72 573 0.9614174977859673 0.9768542306656479 0.9768542397106322
5.73 574 0.9664916724290331 0.9814509019155216 0.981384256762311
5.74 575 0.9714705472596217 0.9858153781456506 0.9858153872736088
5.75 576 0.9763532081715098 0.9902133730964016 0.9901467724781745
5.76 577 0.9811387505669771 0.9943775545177813 0.9943775637250194
5.7700000000000005 578 0.9858262794976385 0.9985734464627888 0.9985069226136565
5.78 579 0.9904149098043225 1.0025340118454333 1.0025340211281943
5.79 580 0.9949037662559738 1.0065244566534712 1.0064580417703648
5.8 581 0.9992919836875529 1.010278168336991 1.0102781776914576
5.8100000000000005 582 1.003578707136925 1.014059906596067 1.0139936328231562
5.82 583 1.0077630919807046 1.0176036125849457 1.0176036220072409
5.83 584 1.0118443040690503 1.021173471711019 1.0211073711241543
5.84 585 1.0158215198593792 1.0245041077342094 1.0245041172203984
5.8500000000000005 586 1.0196939265489855 1.0278590040435631 1.027793108634751
5.86 587 1.0234607222065457 1.0309735955771901 1.0309736051232818
5.87 588 1.027121115902488 1.0341105363212297 1.0340448779831493
5.88 589 1.0306743278382091 1.0370062005732088 1.037006210175158
5.89 590 1.0341195894741182 1.0399222859344952 1.0398568964450625
5.9 591 1.0374561436564895 1.0425962337898853 1.0425962434435945
5.91 592 1.0406832447431036 1.0452886588382109 1.0452235698451988
5.92 593 1.043800158727664 1.0477381967641406 1.0477382064654608
5.93 594 1.0468061633629606 1.0502042533714824 1.0501394963772033
5.94 595 1.0497005482827733 1.0524267852805074 1.0524267950252404
5.95 596 1.0524826151224884 1.054663863993708 1.0545994703397674
5.96 597 1.0551516776384147 1.0566568930644702 1.0566569028483712
5.97 598 1.057707061825779 1.058662484934517 1.0585984857866435
5.98 599 1.0601481060353855 1.0604236153886029 1.060423625207381
5.99 600 1.0624741610889186 1.0621953137553874 1.0621317400883514
6.0 601 1.0646845903928748 1.0637222525892953 1.0637222624386167
6.01 602 1.0667787700511024 1.0652577548207696 1.0651946374033892
6.0200000000000005 603 1.0687560889759373 1.0665483134919198 1.0665483233674085
6.03 604 1.0706159489979117 1.067845422676571 1.067782792056822
6.04 605 1.0723577649740235 1.0688975187423118 1.0688975286395523
6.05 606 1.073980964894548 1.0699541453339094 1.0698920318241392
6.0600000000000005 607 1.0754849899883754 1.0707658040424937 1.070765813957033
6.07 608 1.0768692948268572 1.0715799674560766 1.0715184011183352
6.08 609 1.0781333474261479 1.0721493232886081 1.0721493332159582
6.09 610 1.0792766293480194 1.07271915344671 1.0726581640781994
6.1000000000000005 611 1.0802986357991435 1.0730444516090734 1.0730444615447114
6.11 612 1.0811988757288156 1.0733681904371988 1.0733078075558515
6.12 613 1.0819768719251084 1.0734477883010225 1.0734477982403954
6.13 614 1.0826321611094443 1.073523791171416 1.0734640440016088
6.140000000000001 615 1.083164294029563 1.0733561596631271 1.0733561696016516
6.15 616 1.0835728355508791 1.073182896785899 1.0731238142443096
6.16 617 1.0838573647462055 1.072766621722967 1.072766631656033
6.17 618 1.0840174749838347 1.0723426794836637 1.072284290165275
6.18 619 1.0840527740139598 1.0716764628571402 1.071676472780112
6.19 620 1.0839628840534266 1.0710005450998752 1.070942877264135
6.2 621 1.0837474418687922 1.070083206302378 1.0700832162105973
6.21 622 1.0834060988576883 1.0691541355576601 1.0690972171148059
6.22 623 1.082938521128469 1.06798461255596 1.0679846224447478
6.23 624 1.0823443895781282 1.0668013312123845 1.0667451897099334
6.24 625 1.0816233999684808 1.065378681663792 1.0653786915284509
6.25 626 1.0807752630005858 1.0639402530827913 1.0638849156922097
6.26 627 1.0797997043874052 1.0622636553945601 1.0622636652303759
6.2700000000000005 628 1.0786964649246833 1.0605692649674252 1.0605147584709758
6.28 629 1.0774653005600343 1.0586380192984173 1.058638029100662
6.29 630 1.076105982460226 1.0566869754448476 1.056633326222629
6.3 631 1.074618297076648 1.0545005046487348 1.0545005144126693
6.3100000000000005 632 1.073002046208954 1.0522922397561785 1.0522394737733578
6.32 633 1.071257047066864 1.0498500902654835 1.0498500999863583
6.33 634 1.0693831323301166 1.0473841615685868 1.047332304362832
6.34 635 1.0673801502065592 1.0446860042188906 1.0446860138919496
6.3500000000000005 636 1.0652479644883706 1.0419620946183716 1.0419111712874927
6.36 637 1.0629864546063967 1.0390077254120504 1.0390077350325326
6.37 638 1.0605955156825941 1.0360256442323788 1.03597567942218
6.38 639 1.0580750585805734 1.0328149850412542 1.0328149946043963
6.390000000000001 640 1.055425009954226 1.0295746687265057 1.0295256866188587
6.4 641 1.0526453122944341 1.0261077679328334 1.0261077774338712
6.41 642 1.0497359239738404 1.022609280680166 1.0225613049813052
6.42 643 1.0466968192896844 1.0188863137554034 1.0188863231895753
6.43 644 1.0435279885046846 1.0151298480855828 1.0150829020146328
6.44 645 1.0402294378859633 1.0111511181064212 1.0111511274689706
6.45 646 1.0368011897420044 1.0071369953708995 1.0070911016486375
6.46 647 1.0332432824576332 1.002902933472069 1.0029029427582463
6.47 648 1.0295557705270146 0.998631604296117 0.9985867851339764
6.48 649 1.0257387245846623 0.9941427700594995 0.9941427792645636
6.49 650 1.0217922314344452 0.9896148147209465 0.9895710918102668
6.5 651 1.0177163940765879 0.9848718965005824 0.9848719056198048
6.51 652 1.0135113317326627 0.9800880252437377 0.9800454197452668
6.5200000000000005 653 1.0091771798685547 0.9750918404263129 0.9750918494549787
6.53 654 1.0047140902154095 0.9700528937106807 0.9700114262443332
6.54 655 1.0001222307885382 0.9648043889111496 0.9648043978445611
6.55 656 0.9954017859042912 0.9595113375945801 0.9594710282294584
6.5600000000000005 657 0.9905529561948848 0.9540115887865743 0.954011597620052
6.57 658 0.9855759586211796 0.9484655342425252 0.9484264024872059
6.58 659 0.9804710264833992 0.9427157468232694 0.9427157555521555
6.59 660 0.9752384094297947 0.936917920991887 0.9368799857849798
6.6000000000000005 661 0.9698783734632392 0.9309194297813346 0.9309194384009951
6.61 662 0.9643912009457589 0.9248711951540967 0.9248344748550781
6.62 663 0.9587771906009824 0.918625464328075 0.918625472833902
6.63 664 0.9530366575145197 0.912328313865769 0.9122928262460978
6.640000000000001 665 0.9471699331322561 0.9058369368229134 0.9058369452103278
6.65 666 0.9411773652565645 0.8992924938067606 0.8992582560412762
6.66 667 0.9350593180404247 0.8925571929690923 0.8925572012335452
6.67 668 0.9288161719794572 0.8857672107848584 0.8857342394434687
6.68 669 0.9224483239018612 0.8787898373318523 0.8787898454688294
6.69 670 0.9159561869562556 0.8717561991868233 0.8717245102264859
6.7 671 0.9093401905974274 0.864538732722888 0.8645387407279098
6.71 672 0.9026007805699713 0.8572634512956222 0.8572330600526212
6.72 673 0.8957384188898367 0.8498079994509137 0.8498080073195393
6.73 674 0.8887535838237668 0.8422932164737076 0.8422641376562321
6.74 675 0.8816467698666378 0.834602014438252 0.8346020221660808
6.75 676 0.874418487716689 0.8268500002123158 0.8268222478933407
6.76 677 0.867069264248651 0.8189254102034442 0.8189254177861187
6.7700000000000005 678 0.8595996424847687 0.8109385630467789 0.8109121506572549
6.78 679 0.85201018156372 0.8027830737099118 0.8027830811431195
6.79 680 0.8443014567074243 0.7945639193379602 0.7945388596603132
6.8 681 0.8364740591857529 0.7861801450808139 0.7861801523602902
6.8100000000000005 682 0.8285285962791329 0.777731335919945 0.7777076410818906
6.82 683 0.8204656912390507 0.7691220161802683 0.7691220233017982
6.83 684 0.81228598324645 0.7604463306142368 0.7604240120829099
6.84 685 0.8039901273680358 0.7516143290612163 0.7516143360206373
6.8500000000000005 686 0.795578794510477 0.742714670610725 0.7426937391871314
6.86 687 0.7870526713725188 0.7336629742802379 0.733662981073442
6.87 688 0.7784124603949943 0.7245423707158165 0.7245228365296047
6.88 689 0.7696588797087538 0.7152740890797379 0.7152740957026739
6.890000000000001 690 0.7607926630805019 0.7059356914681334 0.7059175639726933
6.9 691 0.7518145598565571 0.6964540554379453 0.6964540618866211
6.91 692 0.7427253349045211 0.6869011371223085 0.6868844250901955
6.92 693 0.7335257685528823 0.6772094979872868 0.6772095042577713
6.93 694 0.72421665652854 0.6674454535014187 0.6674301650201091
6.94 695 0.7147988098922634 0.6575472818017123 0.6575472878901386
6.95 696 0.7052730549720901 0.6475756257187201 0.6475617681866969
6.96 697 0.6956402332946581 0.6374745100536747 0.6374745159562412
6.97 698 0.6859012015144923 0.6272988757693834 0.6272864558925555
6.98 699 0.6760568313412403 0.6169985215414753 0.6169985272544485
6.99 700 0.6661080094648687 0.6066226599929959 0.6066116837814538
7.0 701 0.6560556374788171 0.5961268880878178 0.5961268936075342
7.01 702 0.6459006318011279 0.5855546664076994 0.585545139172806
7.0200000000000005 703 0.6356439235935516 0.5748674118104168 0.5748674171332855
7.03 704 0.6252864586786379 0.5641028119168479 0.5640947382686686
7.04 705 0.614829197454809 0.5532281222656412 0.5532281273881453
7.05 706 0.6042731148094409 0.5422752393891953 0.5422686232342674
7.0600000000000005 707 0.5936192000299433 0.5312172734661733 0.5312172783848722
7.07 708 0.5828684567128599 0.5200803146136332 0.5200751591530752
7.08 709 0.5720219026709789 0.5088433407737982 0.5088433454853304
7.09 710 0.5610805698384848 0.49752662312962237 0.49752293085758525
7.1000000000000005 711 0.550045504174142 0.486115017668442 0.4861150221695258
7.11 712 0.5389177655625306 0.4746229669344711 0.47462073963693163
7.12 713 0.5276984277133313 0.46304121239470203 0.4630412166821386
7.13 714 0.5163885780586842 0.4513783610687395 0.45137759982263626
7.140000000000001 715 0.5049893176486182 0.43963104448712326 0.4396310485577981
7.15 716 0.49350176104457155 0.4278020300810534 0.4278027352537657
7.16 717 0.4819270362109995 0.4158938411755974 0.41589384502648247
7.17 718 0.47026628440509594 0.40390340437373856 0.4039055756229096
7.18 719 0.4585206600646299 0.3918391336722651 0.3918391373004204
7.19 720 0.4466913306939073 0.3796921164306879 0.3796957527043903
7.2 721 0.43477947674787976 0.3674766533414244 0.36747665674400026
7.21 722 0.42278629151439173 0.3551779969290039 0.35518309646624985
7.22 723 0.41071298099460135 0.3428163277539768 0.3428163309282154
7.23 724 0.3985607637815695 0.3303710707359546 0.330377631067548
7.24 725 0.3863308709370421 0.31786827662800127 0.3178682795712384
7.25 726 0.37402454586642025 0.3052815527929127 0.30528957074264496
7.26 727 0.3616430441919541 0.29264280765715245 0.29264281036681944
7.2700000000000005 728 0.34918763362415345 0.2799198438879412 0.27992931557412903
7.28 729 0.33665959383144545 0.2671504122285755 0.2671504147022008
7.29 730 0.3240602163080705 0.2542965263188208 0.25430744715618503
7.3 731 0.31139080424025645 0.2414017610321654 0.24140176326737622
7.3100000000000005 732 0.29865267237066384 0.22842235944830183 0.2284347241501873
7.32 733 0.2858471468611325 0.21540769956298228 0.2154077015575064
7.33 734 0.2729755651537241 0.20230827515349947 0.20232207773443403
7.34 735 0.26003927583009834 0.18917924351877108 0.18917924527043806
7.3500000000000005 736 0.2470396384692214 0.17596537317133384 0.17598060694992565
7.36 737 0.23397802350343092 0.1627275740945169 0.16272757560126
7.37 738 0.22085581207286048 0.1494049163420509 0.14942157394422254
7.38 739 0.20767439587825726 0.13606403317610033 0.13606403443595777
7.390000000000001 740 0.19443517703219174 0.12263832575284231 0.12265639911540058
7.4 741 0.1811395679086918 0.10920011843509986 0.10920011944621631
7.41 742 0.1677889909912951 0.09567717578371498 0.09569665615825312
7.42 743 0.1543848787195613 0.08214747832691809 0.08214747908754598
7.43 744 0.14092867333404452 0.06853318905774101 0.06855406701487397
7.44 745 0.12742182671974572 0.05491790699439168 0.05491790750289302
7.45 746 0.11386580024807146 0.041218231297941985 0.04124049673187007
7.46 747 0.10026206461729689 0.027523339079171087 0.027523339334017842
7.47 748 0.08661209969157393 0.013744306093071687 0.013767948226472357
7.48 749 0.07291739433848278 2.4155556863282782E-5 2.4155557086985024E-5
7.49 750 0.05917944626516436 0.01387645042538381 0.0138514430361396
7.5 751 0.045399761853022566 0.0277123771977553 0.02771237745435247
7.51 752 0.03157985599105063 0.041631774992578204 0.041605414451886986
7.5200000000000005 753 0.017721251907770845 0.05552900172482857 0.05552900223898815
7.53 754 0.003825481001827835 0.069509282703653 0.06948158177081967
7.54 755 0.010105917328769504 0.08346158615074814 0.08346158692354379
7.55 756 0.024071395858711056 0.09749647258854216 0.09746744467160448
7.5600000000000005 757 0.0380693997087541 0.11149757423382012 0.11149757526620938
7.57 758 0.05209836652036447 0.12558073326574035 0.12555039241497926
7.58 759 0.0661567266316301 0.13962430216993751 0.13962430346276045
7.59 760 0.08024290325440026 0.15374934867241968 0.1537177095735584
7.6000000000000005 761 0.09435531265265142 0.16782900435960876 0.16782900591358746
7.61 762 0.10849236432204562 0.18198950386830848 0.18195658183540475
7.62 763 0.1226524611706794 0.19609881924738565 0.1960988210631231
7.63 764 0.13683399970097682 0.21028829091062592 0.21025410187865934
7.640000000000001 765 0.15103537019272897 0.22442079523103697 0.22442079730901604
7.65 766 0.1652549568872383 0.2386327147973974 0.23859727531455704
7.66 767 0.1794911381725744 0.252781896637697 0.2527818989782799
7.67 768 0.19374228676988664 0.2670096994763583 0.266973026696033
7.68 769 0.20800676992077566 0.28116900976424963 0.2811690123676772
7.69 770 0.22228294957569739 0.29540609391668776 0.29536820558916355
7.7 771 0.23656918258336307 0.3095689489791028 0.30956895184549393
7.71 772 0.25086382088114567 0.3238086782406992 0.32376959270456795
7.72 773 0.2651652116864287 0.33796846288250987 0.3379684660118607
7.73 774 0.27947169768891067 0.3522041699126498 0.3521639060859336
7.74 775 0.2937816172438188 0.3663542405225565 0.3663542439147397
7.75 776 0.30809330456603035 0.38057922998172156 0.3805378073527156
7.76 777 0.32240508992505695 0.3947129176638547 0.3947129213186193
7.7700000000000005 778 0.336715299840884 0.40892046937626225 0.4088779079941027
7.78 779 0.3510222572806342 0.4230310831060156 0.4230310870229866
7.79 780 0.3653242818560437 0.43721445524626884 0.43717077571122875
7.8 781 0.3796196900217102 0.45129528504886485 0.45129528922754236
7.8100000000000005 782 0.39390679527410166 0.4654477173511351 0.4654029408046539
7.82 783 0.4081839083512972 0.4794920375014085 0.47949204194116823
7.83 784 0.4224493374334439 0.49360675448958025 0.493560902604031
7.84 785 0.43670138834389294 0.5076078267314506 0.5076078314315426
7.8500000000000005 786 0.4509383647510028 0.5216780409687196 0.5216311359369192
7.86 787 0.46515856837057146 0.5356291177528077 0.5356291227123573
7.87 788 0.47936029916890066 0.5496480331091358 0.549600097633604
7.88 789 0.49354185556642993 0.5635423608469683 0.5635423660649751
7.890000000000001 790 0.5077015346419484 0.5775031757828546 0.5774542330648254
7.9 791 0.5218376323373386 0.5913339981160844 0.5913340035914221
7.91 792 0.5359484436628488 0.6052299089810318 0.6051799827092241
7.92 793 0.5500322629028414 0.6189904700640935 0.6189904757955108
7.930000000000001 794 0.5640873838220192 0.6328146744082066 0.6327637887473595
7.94 795 0.5781120998720837 0.6464982222028117 0.6464982281889315
7.95 796 0.5921047043988218 0.6602439220998805 0.6601921016790561
7.96 797 0.6060634908495731 0.6738437116797492 0.6738437179190689
7.97 798 0.6199867529810665 0.6875041170602303 0.6874513869608943
7.98 799 0.6338727850676006 0.7010134139244463 0.7010134204153384
7.99 800 0.6477198821095338 0.7145817459166862 0.7145281316605677
8.0 801 0.6615263400420709 0.727993829310116 0.7279938360507561
8.01 802 0.6752904559443117 0.7414633235881938 0.74140885112486
8.02 803 0.6890105282485354 0.7547714898269274 0.7547714968155073
8.03 804 0.7026848569497012 0.7681353999634565 0.7680800956579696
8.040000000000001 805 0.71631174381514 0.7813329657646798 0.7813329729991975
8.05 806 0.7298894925943934 0.7945845665869306 0.7945284572068734
8.06 807 0.7434164092292141 0.8076648724001659 0.8076648798784962
8.07 808 0.7568908020636509 0.8207974633478335 0.8207405760504235
8.08 809 0.7703109820542331 0.8337538766869868 0.8337538844068803
8.09 810 0.7836752629802056 0.8467607851699456 0.8467031474888916
8.1 811 0.7969819616538014 0.8595867039440362 0.8595867119031209
8.11 812 0.810229398130518 0.8724612886984076 0.872402928530583
8.120000000000001 813 0.8234158959193723 0.8851501445394278 0.8851501527352096
8.13 814 0.8365397821931062 0.8978857989802872 0.8978267445722284
8.14 815 0.8495993879983356 0.9104310605665002 0.9104310689963631
8.15 816 0.8625930484655803 0.9230212161355458 0.9229614960697807
8.16 817 0.8755191030191799 0.9354163925085909 0.9354164011697977
8.17 818 0.8883758955870611 0.9478545220150911 0.9477941651963044
8.18 819 0.901161774810319 0.9600931658891847 0.9600931747788789
8.19 820 0.9138750942526026 0.972372786842527 0.9723118224835712
8.2 821 0.926514212609268 0.9844484979041249 0.9844485070193297
8.21 822 0.9390774939162732 0.9965631758362815 0.9965016334440383
8.22 823 0.9515633077587891 1.0084696040325183 1.0084696133701394
8.23 824 0.9639700294795145 1.0204129558087374 1.0203508651698348
8.24 825 0.9762960403866383 1.0321438046229796 1.032143814179805
8.25 826 0.9885397279614498 1.0439095017390487 1.0438468929054467
8.26 827 1.000699486065564 1.0554585314518945 1.0554585412245951
8.27 828 1.0127737151477232 1.067040303316261 1.0669772065907037
8.28 829 1.0247608224501696 1.07840133425032 1.0784013442354532
8.290000000000001 830 1.0366592222145437 1.0897929714494206 1.0897294173707721
8.3 831 1.0484673358872871 1.1009598871962205 1.1009598973902277
8.31 832 1.0601835923245424 1.1121552447413245 1.1120912640697875
8.32 833 1.0718064279964896 1.1231219953686813 1.1231220057678915
8.33 834 1.0833342871911202 1.134114995922612 1.134050619624839
8.34 835 1.0947656222174151 1.1448756011608139 1.1448756117614454
8.35 836 1.1060988936078924 1.1556602382428471 1.1555954974769542
8.36 837 1.117332570320513 1.1662087906480119 1.1662088014461716
8.370000000000001 838 1.12846512993991 1.1767791318153207 1.1767140579158057
8.38 839 1.1394950588779045 1.1871097999082814 1.1871098108999678
8.39 840 1.1504208525733164 1.1974599899122644 1.1973946143748417
8.4 841 1.1612410156910034 1.2075670212913558 1.20756703247246
8.41 842 1.1719540623201263 1.2176912852072257 1.2176256396735832
8.42 843 1.1825585161716141 1.2275690096333496 1.2275690209996557
8.43 844 1.193052910774793 1.2374616559613214 1.2373957722038045
8.44 845 1.2034357896731618 1.2471044884136726 1.2471044999608618
8.45 846 1.213705706619288 1.2567599121501514 1.2566938220563868
8.46 847 1.2238612257687949 1.2661623558510098 1.2661623675746596
8.47 848 1.2339009218734094 1.275575041528154 1.275508777085616
8.48 849 1.2438233804730716 1.284731690935133 1.28473170283072
8.49 850 1.2536271980870417 1.2938962156271954 1.2938298089077223
8.5 851 1.2633109824040076 1.302801759391394 1.3028017714542954
8.51 852 1.2728733524711595 1.3117127956862469 1.3116462788305208
8.52 853 1.2823129388822072 1.3203620195747061 1.320362031800201
8.53 854 1.2916283839643117 1.3290143385089779 1.3289477437109687
8.540000000000001 855 1.3008183419639125 1.3374021282899058 1.3374021406731786
8.55 856 1.309881479231419 1.3457906022461639 1.3457239617375452
8.56 857 1.3188164744047526 1.3539119465353788 1.3539119590715192
8.57 858 1.3276220185916991 1.3620315520998083 1.36196489813436
8.58 859 1.3362968155510613 1.3698815451668882 1.3698815578508943
8.59 860 1.3448395818725807 1.377727365945937 1.377660730783933
8.6 861 1.3532490471556033 1.3853012104785423 1.3853012233053226
8.61 862 1.3615239541864737 1.392868439873011 1.3928018557656063
8.620000000000001 863 1.3696630591146217 1.400161449697907 1.4001614626622811
8.63 864 1.377665131627324 1.407445393632984 1.4073788928066064
8.64 865 1.3855289551231242 1.4144529963922723 1.4144530094889745
8.65 866 1.3932533268838747 1.4214490760020375 1.4213826906427869
8.66 867 1.4008370582453806 1.428166815783152 1.4281668290068334
8.67 868 1.4082789747666338 1.4348705700480735 1.4348043322861477
8.68 869 1.4155779163975963 1.4412941099660859 1.4412941233113152
8.69 870 1.422732737645529 1.4477011983020744 1.4476351401962155
8.700000000000001 871 1.4297423077398208 1.4538263230329007 1.4538263364941686
8.71 872 1.4366055107953195 1.459932527830492 1.4598666813524726
8.72 873 1.4433212459741238 1.4657551460935923 1.4657551596653113
8.73 874 1.4498884276458257 1.4715563752058536 1.4714907722250015
8.74 875 1.45630598554617 1.4770725221950567 1.4770725358715655
8.75 876 1.462572864934122 1.4825648113728378 1.482499483640611
8.76 877 1.4686880267473097 1.4877706511339213 1.4877706649094862
8.77 878 1.4746504477558287 1.492950166407084 1.4928851455417036
8.78 879 1.480459120714381 1.4978419941607843 1.4978420080296018
8.790000000000001 880 1.4861130545127306 1.5027050341640775 1.5026403516352271
8.8 881 1.4916112743244498 1.507279278573218 1.5072792925294172
8.81 882 1.4969528217539498 1.5118222768154814 1.5117579639290712
8.82 883 1.5021367549817497 1.516075502194928 1.516075516232573
8.83 884 1.507162148907988 1.5202950292703412 1.52023111715336
8.84 885 1.5120280952941447 1.5242239377385265 1.5242239518516194
8.85 886 1.5167337029029513 1.5281167034786285 1.5280532230640786
8.86 887 1.521278097636478 1.5317181370494082 1.5317181512318916
8.870000000000001 888 1.5256604226723682 1.535280992614659 1.5352179746265826
8.88 889 1.5298798385982106 1.538551935228286 1.5385519494740445
8.89 890 1.5339355235440215 1.5417818751379524 1.541719350076563
8.9 891 1.5378266733128225 1.5447194546299887 1.5447194689328536
8.91 892 1.5415525015092935 1.547613618729175 1.5475516168560948
8.92 893 1.5451122396664816 1.5502151087361835 1.550215123089934
8.93 894 1.5485051373705503 1.5527707840988407 1.5527093354224557
8.94 895 1.5517304623835473 1.555033605899727 1.5550336202980928
8.950000000000001 896 1.5547875007641738 1.5572482286665243 1.557187362927459
8.96 897 1.557675556986537 1.559169952958429 1.5591699673950938
8.97 898 1.5603939540568734 1.5610411101083776 1.5609808567651011
8.98 899 1.5629420336282163 1.5626194587160525 1.562619473184657
8.99 900 1.5653191561129969 1.564144889770817 1.5640852779853867
9.0 901 1.5675247007935607 1.5653777372884363 1.5653777517825804
9.01 902 1.5695580659305843 1.566555335948296 1.5664963945722419
9.02 903 1.5714186688693692 1.567440711312701 1.567440725825947
9.03 904 1.5731059461440047 1.5682685270231456 1.5682102845835069
9.040000000000001 905 1.574619353579381 1.5688046150175372 1.5688046295434113
9.05 906 1.5759583663910346 1.5692808544655277 1.5692233391510466
9.06 907 1.5771224792828116 1.5694659971526634 1.5694660116846613
9.07 908 1.5781112065423368 1.5695890256916087 1.569532265339087
9.08 909 1.5789240821342685 1.569421723775585 1.5694217383071736
9.09 910 1.579560659791329 1.569190066778122 1.5691340888589491
9.1 911 1.5800205131030924 1.5686689808938616 1.5686689954184803
9.11 912 1.5803032356025186 1.5680813250315613 1.568026156638417
9.120000000000001 913 1.580408440850217 1.5672052769611546 1.56720529147222
9.13 914 1.5803357625164276 1.5662604714103072 1.56620613924405
9.14 915 1.5800848544607078 1.5650284452253955 1.5650284597163053
9.15 916 1.5796553908093056 1.5637255027980612 1.563672033154806
9.16 917 1.5790470660302156 1.5621366459274708 1.5621366603916051
9.17 918 1.5782595950058946 1.5604747441270237 1.5604221628854142
9.18 919 1.577292713103637 1.5585283683489162 1.558528382779641
9.19 920 1.57614617624358 1.5565068503493344 1.5564551829580178
9.200000000000001 921 1.5748197609643484 1.5542024327071504 1.5542024470978202
9.21 922 1.5733132644863126 1.5518208082553502 1.5517700797206606
9.22 923 1.5716265047724483 1.549157991896879 1.5491580062408412
9.23 924 1.569759320586796 1.5464159381374185 1.5463661730112745
9.24 925 1.5677115715505037 1.5433945330763428 1.5433945473669404
9.25 926 1.565483138195443 1.5402918952978641 1.5402431176658868
9.26 927 1.5630739220153889 1.5369118790971872 1.5369118933277608
9.27 928 1.560483845514751 1.5334486713999997 1.5334009048698545
9.28 929 1.557712852254853 1.529710189776779 1.5297102039406705
9.290000000000001 930 1.5547609068977433 1.5258865956610197 1.52583986335099
9.3 931 1.5516279952475363 1.5217899630118812 1.521789977102438
9.31 932 1.5483141242892622 1.5176063358857377 1.5175606604135377
9.32 933 1.5448193222252344 1.5131520357326758 1.513152049743252
9.33 934 1.5411436385089143 1.508608899340174 1.5085643028120006
9.34 935 1.5372871438762672 1.5037975846961837 1.5037975986201455
9.35 936 1.5332499303746037 1.4988956334641095 1.498852137463944
9.36 937 1.5290321113889032 1.4937281271182339 1.4937281409489604
9.370000000000001 938 1.5246338216656017 1.4884682264217652 1.4884258520009277
9.38 939 1.5200552173338528 1.4829455211431781 1.4829455348740663
9.39 940 1.5152964759242367 1.4773287074898755 1.4772874751568352
9.4 941 1.510357796384929 1.471451966150663 1.4714519797751304
9.41 942 1.505239399095312 1.4654794472824664 1.4654393769929157
9.42 943 1.4999415258770306 1.459250002898801 1.4592500164102877
9.43 944 1.494464440002479 1.452923157811764 1.4528842689589623
9.44 945 1.488808426200722 1.4463425135032173 1.446342526895191
9.450000000000001 946 1.4829737906608416 1.4396628923847128 1.4396252037900976
9.46 947 1.476960861032711 1.4327327212514782 1.432732734517436
9.47 948 1.4707699864251729 1.425702045334675 1.4256655752387553
9.48 949 1.4644015374016517 1.4184241902525203 1.4184242033859926
9.49 950 1.4578559059731622 1.4110443515879423 1.4110091176414696
9.5 951 1.4511335055887349 1.4034208249207516 1.403420837915305
9.51 952 1.4442347711232446 1.3956938860648098 1.395659905320235
9.52 953 1.437160158862645 1.3877268692946079 1.3877268821438473
9.53 954 1.4299101464866013 1.3796550629149995 1.3796223518182202
9.540000000000001 955 1.4224852330485256 1.371346906189398 1.3713469188869722
9.55 956 1.4148859389530155 1.3629326345873265 1.3629012089697283
9.56 957 1.4071128059306777 1.3542858561843782 1.354285868723981
9.57 958 1.3991663970103612 1.3455316907335841 1.3455015658043776
9.58 959 1.3910472964887806 1.3365489764440392 1.3365489888194124
9.59 960 1.3827561098975394 1.3274576569466736 1.3274288472855336
9.6 961 1.374293463967546 1.318141859373727 1.3181418715786652
9.61 962 1.3656600065908302 1.308716293333138 1.308688812883148
9.620000000000001 963 1.3568564067797544 1.299070431109746 1.2990704431380977
9.63 964 1.3478833546236322 1.2893136929202906 1.2892875549811946
9.64 965 1.3387415612427334 1.2793409498442085 1.2793409616898814
9.65 966 1.3294317587397049 1.2692562798982456 1.26923149712001
9.66 967 1.3199547001483896 1.2589600039849478 1.2589600156419092
9.67 968 1.3103111593800558 1.2485508076972012 1.2485273920738942
9.68 969 1.3005019311670312 1.2379345101509327 1.237934521613215
9.69 970 1.2905278310037578 1.2272043569004658 1.227182319764453
9.700000000000001 971 1.280389695085253 1.2162717110036623 1.2162717222653643
9.71 972 1.270088380243006 1.2052243329937362 1.2052036850101933
9.72 973 1.2596247638782783 1.1939791729151328 1.1939791839704237
9.73 974 1.2489997438928495 1.1826184639512658 1.1825992151130205
9.74 975 1.2382142386171886 1.1710647834730123 1.1710647943161345
9.75 976 1.2272691867360666 1.1593947976595982 1.1593769572822916
9.76 977 1.2161655472116093 1.1475367488237966 1.1475367594490682
9.77 978 1.2049042992038028 1.1355616991796817 1.135545275897261
9.78 979 1.1934864419884526 1.1234035908547433 1.1234036012565611
9.790000000000001 980 1.1819129948726017 1.1111278478481956 1.111112849608735
9.8 981 1.1701849971074272 1.0986741442154917 1.0986741543883345
9.81 982 1.158303507798593 1.086102234219059 1.0860886682809134
9.82 983 1.146269605814104 1.0733575531803683 1.0733575631188
9.83 984 1.1340843896896375 1.0604941568461093 1.060482029774402
9.84 985 1.1217489775313787 1.0474632683524028 1.047463278051074
9.85 986 1.1092645069163605 1.0343132189080948 1.0343025365715404
9.86 987 1.096632134790315 1.021001043210246 1.0210010526638984
9.870000000000001 988 1.0838530373630488 1.007569324677137 1.0075600922451997
9.88 989 1.070928410001362 0.9939809304991741 0.9939809397026418
9.89 990 1.057859467119484 0.9802726758319421 0.9802648977723364
9.9 991 1.0446474420670844 0.9664132784675112 0.9664132874157245
9.91 992 1.0312935870148354 0.952433767617077 0.9524274476936035
9.92 993 1.0177991728375468 0.9383087269498125 0.9383087356378
9.93 994 1.0041654889948834 0.9240633848497676 0.9240585261204933
9.94 995 0.9903938434096774 0.9096782032983135 0.9096782117212052
9.950000000000001 996 0.9764855623438409 0.8951725977756868 0.8951692025914642
9.96 997 0.9624419902719101 0.8805329181641445 0.8805329263171743
9.97 998 0.9482644897521899 0.8657727577753315 0.8657708277786613
9.98 999 0.9339544412955666 0.850884361129956 0.850884369008464
9.99 1000 0.9195132432319594 0.8358754929226045 0.8358750290468417
10.0 1001 0.9049423115744398 0.8207442961956002 0.820744303795035
