0.01 3.741670382337351E-4
0.02 6.426531401046531E-4
0.03 9.095891081943586E-4
0.04 0.001175706507482264
0.05 0.0014407658502711446
0.06 0.0017045286010436552
0.07 0.0019667573911273393
0.08 0.0022272162323110733
0.09 0.0024856707292186023
0.1 0.0027418882902472516
0.11 0.002995638336886761
0.12 0.0032466925112226387
0.13 0.0034948248814433897
0.14 0.0037398121451647066
0.15 0.003981433830384901
0.16 0.004219472493896697
0.17 0.004453713916969505
0.18 0.004683947298134317
0.19 0.0049099654428875605
0.2 0.005131564950154644
0.21 0.005348546395336757
0.22 0.005560714509779249
0.23 0.00576787835649954
0.24 0.0059698515020194035
0.25 0.0061664521841401886
0.26 0.006357503475518906
0.27 0.006542833442888044
0.28 0.006722275301786449
0.29 0.006895667566652405
0.3 0.007062854196152595
0.31 0.00722368473360517
0.32 0.007378014442381487
0.33 0.00752570443616017
0.34 0.007666621803916281
0.35000000000000003 0.007800639729530826
0.36 0.00792763760591539
0.37 0.008047501143554868
0.38 0.00816012247335468
0.39 0.008265400243720277
0.4 0.008363239711764045
0.41000000000000003 0.008453552828569669
0.42 0.00853625831842669
0.43 0.008611281751977593
0.44 0.008678555613195322
0.45 0.008738019360146461
0.46 0.00878961947947196
0.47000000000000003 0.008833309534547964
0.48 0.008869050207272633
0.49 0.008896809333454107
0.5 0.00891656193175185
0.51 0.00892829022616114
0.52 0.00893198366200813
0.53 0.008927638915450453
0.54 0.008915259896465891
0.55 0.008894857745337185
0.56 0.008866450822622541
0.5700000000000001 0.008830064692634565
0.58 0.008785732100434915
0.59 0.008733492942363618
0.6 0.008673394230137839
0.61 0.008605490048541144
0.62 0.008529841506753993
0.63 0.008446516683358002
0.64 0.008355590565069473
0.65 0.008257144979257555
0.66 0.008151268520305628
0.67 0.008038056469878818
0.68 0.007917610711181886
0.6900000000000001 0.007790039637268263
0.7000000000000001 0.007655458053491954
0.71 0.007513987074195971
0.72 0.007365754013711546
0.73 0.0072108922717901425
0.74 0.007049541213542205
0.75 0.0068818460440331795
0.76 0.006707957677594738
0.77 0.006528032602021096
0.78 0.006342232737733611
0.79 0.006150725292070047
0.8 0.005953682608804312
0.81 0.0057512820130549425
0.8200000000000001 0.005543705651690982
0.8300000000000001 0.005331140329430333
0.84 0.005113777340713614
0.85 0.004891812297561492
0.86 0.004665444953529179
0.87 0.004434879023944651
0.88 0.004200322002584505
0.89 0.003961984974936622
0.9 0.0037200824282372807
0.91 0.0034748320584486645
0.92 0.0032264545743518505
0.93 0.0029751734989188184
0.9400000000000001 0.002721214968155274
0.9500000000000001 0.00246480752759474
0.96 0.0022061819266300025
0.97 0.0019455709108429655
0.98 0.0016832090125613716
0.99 0.0014193323397784481
1.0 0.0011505285726204348
1.01 8.851400005391502E-4
1.02 6.189548622039814E-4
1.03 3.5221270627389166E-4
1.04 8.515358268014669E-5
1.05 -1.8198217339305325E-4
1.06 -4.4895415779202066E-4
1.07 -7.155221137497439E-4
1.08 -9.814461481029643E-4
1.09 -0.0012464869471712908
1.1 -0.0015104059921208907
1.11 -0.0017729657736241583
1.12 -0.0020339300056044464
1.1300000000000001 -0.002293063837868402
1.1400000000000001 -0.0025501340674539573
1.1500000000000001 -0.002804909348505148
1.16 -0.0030571604004705306
1.17 -0.0033066602144269297
1.18 -0.0035531842573855
1.19 -0.0037965106743439374
1.2 -0.004036420487949927
1.21 -0.004272697795568083
1.22 -0.004505129963571327
1.23 -0.0047335078186928285
1.24 -0.004957625836277792
1.25 -0.0051772823252405325
1.26 -0.005392279609569579
1.27 -0.005602424206216223
1.28 -0.005807526999228135
1.29 -0.006007403409937302
1.3 -0.0062018735630677835
1.31 -0.006390762448604286
1.32 -0.006573900079297765
1.33 -0.006751121643646494
1.34 -0.006922267654205836
1.35 -0.007087184091113531
1.36 -0.007245722540707976
1.37 -0.0073977403290885
1.3800000000000001 -0.0075431006505048085
1.3900000000000001 -0.007681672690480954
1.4000000000000001 -0.007813331743531736
1.41 -0.007937959325397983
1.42 -0.008055443279667633
1.43 -0.008165677878713596
1.44 -0.008268563918833809
1.45 -0.008364008809537339
1.46 -0.00845192665686612
1.47 -0.008532238340692437
1.48 -0.00860487158592126
1.49 -0.008669761027533182
1.5 -0.008726848269412203
1.51 -0.00877608193689421
1.52 -0.008817417723000091
1.53 -0.00885081842831225
1.54 -0.00887625399445202
1.55 -0.008893701531126135
1.56 -0.008903145336728546
1.57 -0.008904576912472362
1.58 -0.008897994970036203
1.59 -0.008883405432723203
1.6 -0.008860821430132167
1.61 -0.00883026328634249
1.62 -0.008791758501619599
1.6300000000000001 -0.008745341727671819
1.6400000000000001 -0.008691054736461168
1.6500000000000001 -0.008628946382616723
1.6600000000000001 -0.008559072559464209
1.67 -0.008481496148728765
1.68 -0.008396286963941011
1.69 -0.008303521687619476
1.7 -0.008203283802251403
1.71 -0.008095663515165006
1.72 -0.007980757677356683
1.73 -0.007858669696322568
1.74 -0.007729509443007642
1.75 -0.007593393152919515
1.76 -0.0074504433215294265
1.77 -0.007300788594041385
1.78 -0.007144563649609815
1.79 -0.006981909080136113
1.8 -0.006812971263755168
1.81 -0.0066379022330972925
1.82 -0.006456859538476513
1.83 -0.006270006106095535
1.84 -0.0060775100914271345
1.85 -0.005879544727899183
1.86 -0.005676288170976155
1.87 -0.005467923337835803
1.8800000000000001 -0.00525463774276522
1.8900000000000001 -0.005036623328403236
1.9000000000000001 -0.0048140762930080905
1.9100000000000001 -0.004587196913890057
1.92 -0.004356189367174591
1.93 -0.0041212615440582275
1.94 -0.0038826248637329136
1.95 -0.0036404940831026816
1.96 -0.003395087103521717
1.97 -0.003146624774709383
1.98 -0.0028953306959894625
1.99 -0.0026414310150740155
2.0 -0.0023925427549967375
2.0100000000000002 -0.00213333719761298
2.02 -0.0018722117807505496
2.0300000000000002 -0.001609401499654026
2.04 -0.0013451428658411027
2.05 -0.0010796736942433353
2.06 -8.132328891998003E-4
2.07 -5.460602294442569E-4
2.08 -2.783961523421186E-4
2.09 -1.0481537492157619E-5
2.1 2.574425100373777E-4
2.11 5.251348766814414E-4
2.12 7.923546573839566E-4
2.13 0.001058861372375181
2.14 0.0013244151835990429
2.15 0.0015887771105564737
2.16 0.0018517092453513783
2.17 0.002112974966814104
2.18 0.0023723391534316227
2.19 0.002629568394935571
2.2 0.0028844312023770607
2.21 0.003136698216427203
2.22 0.0033861424138007835
2.23 0.003632539311562514
2.24 0.003875667169131048
2.25 0.004115307187848835
2.2600000000000002 0.004351243707875503
2.27 0.004583264402262436
2.2800000000000002 0.00481116046804997
2.29 0.00503472681415772
2.3000000000000003 0.005253762245963941
2.31 0.00546806964637054
2.32 0.005677456153178412
2.33 0.005881733332663979
2.34 0.006080717349157115
2.35 0.006274229130473881
2.36 0.00646209452906867
2.37 0.006644144478767363
2.38 0.006820215146899913
2.39 0.006990148081748489
2.4 0.007153790355146858
2.41 0.007310994700090692
2.42 0.007461619643282781
2.43 0.00760552963244206
2.44 0.007742595158287492
2.45 0.007872692871102309
2.46 0.007995705691721896
2.47 0.008111522916911699
2.48 0.008220040318989166
2.49 0.00832116023961551
2.5 0.008414791677687944
2.5100000000000002 0.008500850371232091
2.52 0.008579258873232569
2.5300000000000002 0.008649946621329166
2.54 0.008712850001320509
2.5500000000000003 0.008767912404409824
2.56 0.008815084278152151
2.57 0.008854323171043723
2.58 0.008885593770730851
2.59 0.008908867935784489
2.6 0.008924124721025889
2.61 0.008931350396378247
2.62 0.008930538459222561
2.63 0.008921689640246576
2.64 0.008904811902790686
2.65 0.008879920435678822
2.66 0.008847037639551919
2.67 0.008806193106705865
2.68 0.008757423594463232
2.69 0.008700772992096517
2.7 0.008636292281317664
2.71 0.008564039490421834
2.72 0.008484079642037694
2.73 0.00839648469463496
2.74 0.008301333477753385
2.75 0.008198711621062837
2.7600000000000002 0.008088711477312067
2.77 0.007971432039197972
2.7800000000000002 0.007846978850310585
2.79 0.007715463910108064
2.8000000000000003 0.007577005573170725
2.81 0.007431728442645806
2.82 0.00727976325815087
2.83 0.007121246778093811
2.84 0.00695632165660244
2.85 0.006785136315162083
2.86 0.006607844809012342
2.87 0.006424606688560005
2.88 0.006235586855729569
2.89 0.006040955415626284
2.9 0.0058408875233960855
2.91 0.00563556322664457
2.92 0.0054251673033787326
2.93 0.005209889095718575
2.94 0.004989922339544303
2.95 0.004765464990058685
2.96 0.004536719043753558
2.97 0.004303890356523983
2.98 0.00406718845847836
2.99 0.0038268263653484904
3.0 0.0035830203867882153
3.0100000000000002 0.0033359899317307647
3.02 0.003085957310896984
3.0300000000000002 0.0028331475367921765
3.04 0.0025777881211264883
3.0500000000000003 0.0023201088701583278
3.06 0.0020603416778019815
3.0700000000000003 0.0017987203170071941
3.08 0.0015354802293383704
3.09 0.0012708583130998103
3.1 0.00100509271016507
3.11 7.384225916210941E-4
3.12 4.710879426010835E-4
3.13 2.0332934621974678E-4
3.14 -6.46122328371245E-5
3.15 -3.3249566525345295E-4
3.16 -6.000798740112564E-4
3.17 -8.671240513853628E-4
3.18 -0.0011333878756539708
3.19 -0.0013986317273177926
3.2 -0.001662616904849888
3.21 -0.0019251058393766286
3.22 -0.0021858623085938005
3.23 -0.00244465164927347
3.24 -0.0027012409684764346
3.25 -0.0029553993531411305
3.2600000000000002 -0.0032068980778665293
3.27 -0.0034555108107918796
3.2800000000000002 -0.0037010138172141596
3.29 -0.003943186161021441
3.3000000000000003 -0.004181809903430305
3.31 -0.004416670299197016
3.3200000000000003 -0.004647555989808198
3.33 -0.004874259193728059
3.34 -0.005096575893380863
3.35 -0.00531430601873322
3.36 -0.005527253627384264
3.37 -0.005735227080836285
3.38 -0.005938039217040935
3.39 -0.006135507518746373
3.4 -0.006327454277825401
3.41 -0.0065137067551422345
3.42 -0.006694097336041399
3.43 -0.0068684636811838125
3.44 -0.0070366488726088
3.45 -0.007198501555019083
3.46 -0.007353876071905699
3.47 -0.0075026325967021
3.48 -0.0076446372585730225
3.49 -0.007779762262908753
3.5 -0.007907886006328404
3.5100000000000002 -0.008028893186106893
3.52 -0.008142674903956057
3.5300000000000002 -0.00824912876399953
3.54 -0.00834815896495975
3.5500000000000003 -0.00843967638633048
3.56 -0.008523598668617809
3.5700000000000003 -0.008599850287428022
3.58 -0.00866836262145169
3.59 -0.008729074014214367
3.6 -0.008781929829558175
3.61 -0.008826882500819921
3.62 -0.008863891573624742
3.63 -0.00889292374230985
3.64 -0.008913952879879401
3.65 -0.008926960061532058
3.66 -0.008931933581680707
3.67 -0.008928868964494099
3.68 -0.008917768967918351
3.69 -0.008898643581204804
3.7 -0.008871510015906732
3.71 -0.008836392690404515
3.72 -0.008793323207919316
3.73 -0.008742340328079017
3.74 -0.008683489932033547
3.75 -0.008616824981166187
3.7600000000000002 -0.008542405469435207
3.77 -0.008460298369373778
3.7800000000000002 -0.008370577571836691
3.79 -0.008273323819478949
3.8000000000000003 -0.008168624634120748
3.81 -0.008056574237953825
3.8200000000000003 -0.007937273468777163
3.83 -0.0078108296892287
3.84 -0.007677356690172735
3.85 -0.007536974588304211
3.86 -0.007389809718029824
3.87 -0.007235994517815032
3.88 -0.007075667410942784
3.89 -0.006908972681001032
3.9 -0.006736060341983138
3.91 -0.0065570860033298895
3.92 -0.006372210729864462
3.93 -0.006181600896845301
3.94 -0.005985428040277329
3.95 -0.005783868702464453
3.96 -0.005577104273229284
3.97 -0.0053653208265876
3.98 -0.00514870895335101
3.99 -0.004927463589584794
4.0 -0.004701783841171757
4.01 -0.004471872804681295
4.0200000000000005 -0.004237937384490393
4.03 -0.004000188106719094
4.04 -0.003758838929645334
4.05 -0.003514107051259972
4.0600000000000005 -0.0032662127137209718
4.07 -0.003015379005188234
4.08 -0.002761831659105348
4.09 -0.0025057988509246234
4.1 -0.002247510992937293
4.11 -0.001987200526738642
4.12 -0.0017251017142123721
4.13 -0.0014614504265723915
4.14 -0.0011964839322054874
4.15 -9.304406830568203E-4
4.16 -6.635601000811586E-4
4.17 -3.960823578286234E-4
4.18 -1.2824816816447263E-4
4.19 1.397014361732556E-4
4.2 4.075253186631952E-4
4.21 6.749824558612247E-4
4.22 9.418321544211953E-4
4.23 0.0012078342676108407
4.24 0.0014727494114709643
4.25 0.0017363391802923515
4.26 0.00199836636102706
4.2700000000000005 0.0022585951469432696
4.28 0.0025167913496630468
4.29 0.0027727226100580722
4.3 0.0030261586072457217
4.3100000000000005 0.003276871265949287
4.32 0.0035246349617098
4.33 0.00376922672388826
4.34 0.00401042643645236
4.3500000000000005 0.0042480170359004855
4.36 0.0044817847067618
4.37 0.004711519073888028
4.38 0.004937013391875825
4.39 0.005158064731039721
4.4 0.005374474160107406
4.41 0.005586046925209289
4.42 0.0057925926251053955
4.43 0.005993925382645768
4.44 0.006189864011904292
4.45 0.006380232181366653
4.46 0.006564858572509173
4.47 0.006743577034059675
4.48 0.0069162267314553825
4.49 0.00708265229161437
4.5 0.007242703942790823
4.51 0.007396237649272079
4.5200000000000005 0.007543115241112168
4.53 0.007683204538371815
4.54 0.007816379470153706
4.55 0.007942520187996821
4.5600000000000005 0.008061513173776454
4.57 0.008173251341841565
4.58 0.008277634135366998
4.59 0.008374567616903807
4.6000000000000005 0.008463964552843687
4.61 0.00854574449199166
4.62 0.00861983383791395
4.63 0.008686165915206349
4.64 0.008744681029470703
4.65 0.00879532652105785
4.66 0.008838056812445243
4.67 0.008872833449248808
4.68 0.008899625134848897
4.69 0.008918407758532872
4.7 0.008929164417209621
4.71 0.008931885430610258
4.72 0.008926568350008076
4.73 0.008913217960416156
4.74 0.008891846276285012
4.75 0.008862472530684258
4.76 0.008825123158008307
4.7700000000000005 0.00877983177016503
4.78 0.008726639126351758
4.79 0.00866559309635263
4.8 0.008596748617480223
4.8100000000000005 0.008520167645113904
4.82 0.00843591909695705
4.83 0.008344078791027708
4.84 0.008244729377386848
4.8500000000000005 0.008137960263816064
4.86 0.008023867535298681
4.87 0.007902553867598224
4.88 0.007774128434819141
4.89 0.007638706811191344
4.9 0.007496410867030067
4.91 0.007347368659072504
4.92 0.0071917143152678085
4.93 0.007029587913991324
4.94 0.006861135358088641
4.95 0.006686508243466182
4.96 0.006505863722758587
4.97 0.006319364363824969
4.98 0.006127178003509762
4.99 0.00592947759657531
5.0 0.0057264410600130575
5.01 0.005518251113038889
5.0200000000000005 0.0053050951125170834
5.03 0.005087164884488844
5.04 0.004864656551428742
5.05 0.004637770355836031
5.0600000000000005 0.0044067104799616
5.07 0.004171684862085494
5.08 0.003932905009435054
5.09 0.0036905858077180467
5.1000000000000005 0.003444945327900042
5.11 0.0031962046297998687
5.12 0.0029445875632814916
5.13 0.0026903205666986545
5.14 0.002433632463208482
5.15 0.0021747542547636846
5.16 0.0019139189142662084
5.17 0.0016513611759554462
5.18 0.0013873173240260865
5.19 0.0011220249801670438
5.2 8.557228895452328E-4
5.21 5.886507060945195E-4
5.22 3.2104877672892504E-4
5.23 5.315792513742319E-5
5.24 -2.14780764983416E-4
5.25 -4.825261669373982E-4
5.26 -7.498373278863007E-4
5.2700000000000005 -0.0010164736858739795
5.28 -0.0012821952861389368
5.29 -0.0015467629972043045
5.3 -0.0018099387259632815
5.3100000000000005 -0.0020714856320393476
5.32 -0.002331168340882167
5.33 -0.002588753155545124
5.34 -0.0028440082671244687
5.3500000000000005 -0.003096703963200466
5.36 -0.0033466128347608357
5.37 -0.0035935099806524585
5.38 -0.00383717321010971
5.39 -0.004077383242663862
5.4 -0.004313923905542959
5.41 -0.00454658232808066
5.42 -0.0047751491333881905
5.43 -0.004999418626820795
5.44 -0.0052191889809231
5.45 -0.005434262417226553
5.46 -0.0056444453841430564
5.47 -0.005849548731226732
5.48 -0.006049387879278814
5.49 -0.006243782986543357
5.5 -0.00643255911059068
5.51 -0.006615546365604138
5.5200000000000005 -0.0067925800754326925
5.53 -0.006963500921663602
5.54 -0.007128155087107207
5.55 -0.0072863943941038475
5.5600000000000005 -0.007438076437948502
5.57 -0.007583064715074647
5.58 -0.007721228745785757
5.59 -0.007852444191798631
5.6000000000000005 -0.007976592968051716
5.61 -0.008093563349052027
5.62 -0.008203250069333569
5.63 -0.008305554418252594
5.64 -0.008400384328797236
5.65 -0.008487654460465895
5.66 -0.008567286276017013
5.67 -0.008639208112187442
5.68 -0.008703355244195618
5.69 -0.008759669943937915
5.7 -0.008808101531991363
5.71 -0.00884860642319116
5.72 -0.008881148165878323
5.73 -0.008905697474674635
5.74 -0.008922232256858812
5.75 -0.008930737632245769
5.76 -0.008931205946569664
5.7700000000000005 -0.008923636778380149
5.78 -0.008908036939418737
5.79 -0.008884420468483435
5.8 -0.008852808618808376
5.8100000000000005 -0.008813229838925626
5.82 -0.008765719747057796
5.83 -0.008710321099089561
5.84 -0.008647083750059088
5.8500000000000005 -0.008576064609320743
5.86 -0.008497327589291611
5.87 -0.008410943547986579
5.88 -0.00831699022521217
5.89 -0.008215552172621888
5.9 -0.008106720677597542
5.91 -0.007990593681153457
5.92 -0.007867275689755678
5.93 -0.007736877681244734
5.94 -0.007599517005052956
5.95 -0.007455317276509794
5.96 -0.007304408265645763
5.97 -0.007146925780358324
5.98 -0.006983011544276085
5.99 -0.006812813069156978
6.0 -0.006636483522103117
6.01 -0.006454181587845358
6.0200000000000005 -0.006266071325794605
6.03 -0.0060723220225145065
6.04 -0.005873108039260998
6.05 -0.005668608655200601
6.0600000000000005 -0.005459007905989273
6.07 -0.005244494418103693
6.08 -0.005025261239255779
6.09 -0.004801505664477297
6.1000000000000005 -0.004573429058713399
6.11 -0.004341236675466817
6.12 -0.0041051374722426495
6.13 -0.0038653439223880104
6.140000000000001 -0.00362207182390473
6.15 -0.0033755401052689396
6.16 -0.0031259706283697187
6.17 -0.002873587988924038
6.18 -0.00261861931421428
6.19 -0.0023612940588913943
6.2 -0.0021018437982988315
6.21 -0.0018405020201749359
6.22 -0.001577503914432399
6.23 -0.0013130861616531694
6.24 -0.0010474867199822043
6.25 -7.809446109292113E-4
6.26 -5.13699704463661E-4
6.2700000000000005 -2.4599250292666E-4
6.28 2.1936075235543034E-5
6.29 2.898449124420669E-4
6.3 5.574929087843036E-4
6.3100000000000005 8.246391991130013E-4
6.32 0.0010910433698623325
6.33 0.001356465675196816
6.34 0.001620667252993433
6.3500000000000005 0.0018834103396310753
6.36 0.0021444584841203078
6.37 0.002403576760713281
6.38 0.0026605319804515726
6.390000000000001 0.0029150929009893432
6.4 0.0031670304346729013
6.41 0.003416117854743886
6.42 0.0036621309993051937
6.43 0.0039048484731876733
6.44 0.004144051846996103
6.45 0.004379525853856357
6.46 0.004611058583042457
6.47 0.004838441670768343
6.48 0.005061470487568184
6.49 0.005279944322548637
6.5 0.005493666564055691
6.51 0.005702444876445706
6.5200000000000005 0.005906091373359086
6.53 0.006104422786667981
6.54 0.006297260631528506
6.55 0.006484431366867753
6.5600000000000005 0.006665766551645376
6.57 0.006841102996477631
6.58 0.007010282910357499
6.59 0.007173154042804745
6.6000000000000005 0.0073295698207732326
6.61 0.007479389480652282
6.62 0.0076224781948385275
6.63 0.007758707193146152
6.640000000000001 0.00788795387867887
6.65 0.008010101938138775
6.66 0.00812504144652428
6.67 0.008232668966022937
6.68 0.008332887639154879
6.69 0.008425607275857174
6.7 0.00851074443472229
6.71 0.008588222498049376
6.72 0.008657971740824935
6.73 0.008719929393426652
6.74 0.0087740396981475
6.75 0.008820253959376745
6.76 0.008858530587386991
6.7700000000000005 0.008888835135803326
6.78 0.008911140332573727
6.79 0.008925426104531018
6.8 0.008931679595442074
6.8100000000000005 0.008929895177587164
6.82 0.00892007445682166
6.83 0.008902226271132978
6.84 0.008876366682681464
6.8500000000000005 0.008842518963355531
6.86 0.008800713573809932
6.87 0.008750988136079472
6.88 0.00869338739970174
6.890000000000001 0.008627963201449653
6.9 0.008554774418688441
6.91 0.008473886916376896
6.92 0.008385373487818398
6.93 0.008289313789104056
6.94 0.008185794267497897
6.95 0.008074908083576169
6.96 0.007956755027426607
6.97 0.007831441428803074
6.98 0.007699080061504311
6.99 0.007559790041833925
7.0 0.007413696721376974
7.01 0.007260931574293439
7.0200000000000005 0.007101632078885067
7.03 0.006935941593965561
7.04 0.006764009229754425
7.05 0.0065859897137969204
7.0600000000000005 0.0064020432516563594
7.07 0.006212335382686706
7.08 0.006017036831210958
7.09 0.0058163233527160334
7.1000000000000005 0.005610375575812368
7.11 0.005399378839555193
7.12 0.005183523026794409
7.13 0.0049630023931927815
7.140000000000001 0.0047380153924282496
7.15 0.004508764497622673
7.16 0.004275456019092297
7.17 0.004038299918750036
7.18 0.0037975096210245704
7.19 0.003553301820981739
7.2 0.003305896289141009
7.21 0.0030555156737983257
7.22 0.002802385300560716
7.23 0.002546732969715005
7.24 0.002288788751118625
7.25 0.0020287847770987803
7.26 0.0017669550337427046
7.2700000000000005 0.0015035351501113381
7.28 0.0012387621863535136
7.29 9.728744202107654E-4
7.3 7.061111327638774E-4
7.3100000000000005 4.387123929838406E-4
7.32 1.7091884162390703E-4
7.33 -9.70285251315075E-5
7.34 -3.6488857277472967E-4
7.3500000000000005 -6.324202453083955E-4
7.36 -8.993827823396386E-4
7.37 -0.00116553593556625
7.38 -0.0014306401851152694
7.390000000000001 -0.0016944569550645934
7.4 -0.0019567488281201184
7.41 -0.002217279759317913
7.42 -0.002475815288371558
7.43 -0.0027321227508141435
7.44 -0.002985971487175499
7.45 -0.0032371330507440675
7.46 -0.00348538141305125
7.47 -0.0037304931673719207
7.48 -0.003972247729635263
7.49 -0.0042104275370395015
7.5 -0.0044448182438891325
7.51 -0.004675208914313096
7.5200000000000005 -0.004901392212291016
7.53 -0.005123164588092593
7.54 -0.005340326461593895
7.55 -0.0055526824017347425
7.5600000000000005 -0.0057600413024895825
7.57 -0.00596221655489323
7.58 -0.006159026214814695
7.59 -0.006350293166873536
7.6000000000000005 -0.006535845283697473
7.61 -0.006715515580944608
7.62 -0.006889142367446568
7.63 -0.007056569390817577
7.640000000000001 -0.007217645978041158
7.65 -0.007372227171057518
7.66 -0.007520173857236449
7.67 -0.007661352894527902
7.68 -0.007795637231359622
7.69 -0.007922906020863199
7.7 -0.008043044729727224
7.71 -0.008155945241217096
7.72 -0.008261505952511898
7.73 -0.008359631866081525
7.74 -0.008450234675222037
7.75 -0.008533232843540475
7.76 -0.008608551678268073
7.7700000000000005 -0.0086761233975475
7.78 -0.008735887191384697
7.79 -0.008787789276411443
7.8 -0.008831782944245841
7.8100000000000005 -0.008867828603554206
7.82 -0.008895893815684081
7.83 -0.00891595332383252
7.84 -0.008927989075798668
7.8500000000000005 -0.008931990240217617
7.86 -0.008927953216311783
7.87 -0.008915881637129872
7.88 -0.008895786366278345
7.890000000000001 -0.008867685488144749
7.9 -0.008831604291623711
7.91 -0.008787575247353678
7.92 -0.008735637978509122
7.930000000000001 -0.008675839225116248
7.94 -0.008608232802022844
7.95 -0.008532879550447679
7.96 -0.008449847283234384
7.97 -0.00835921072380379
7.98 -0.008261051438954605
7.99 -0.008155457765423273
8.0 -0.008018143289575638
8.01 -0.007898331423382204
8.02 -0.007771411592042647
8.03 -0.007637498014822289
8.040000000000001 -0.0074967112048845656
8.05 -0.007349177860898497
8.06 -0.007195030752890018
8.07 -0.007034408602837531
8.08 -0.006867455959853193
8.09 -0.006694323070061865
8.1 -0.006515165741358234
8.11 -0.006330145203229556
8.120000000000001 -0.006139427961703578
8.13 -0.005943185649416546
8.14 -0.0057415948711775355
8.15 -0.00553483704510376
8.16 -0.0053230982393009454
8.17 -0.005106569004378039
8.18 -0.004885444202011545
8.19 -0.0046599228296243765
8.2 -0.004430207841249412
8.21 -0.0041965059648291945
8.22 -0.003959027516290577
8.23 -0.0037179862102380457
8.24 -0.0034735989675489633
8.25 -0.0032260857202246066
8.26 -0.0029756692135106846
8.27 -0.0027225748053820624
8.28 -0.0024670302636925915
8.290000000000001 -0.0022092655612476926
8.3 -0.001949512668961019
8.31 -0.0016880053468557813
8.32 -0.0014249789338482534
8.33 -0.0011606701359883943
8.34 -8.953168133761541E-4
8.35 -6.291577660590613E-4
8.36 -3.62432519192059E-4
8.370000000000001 -9.538110754230487E-5
8.38 1.7175614065988298E-4
8.39 4.387388199560558E-4
8.4 7.053266639232825E-4
8.41 9.712797614737747E-4
8.42 0.0012363587728033473
8.43 0.0015003251447162416
8.44 0.0017629413252627604
8.45 0.002023970977584874
8.46 0.0022831791926616295
8.47 0.0025403327005808288
8.48 0.002795200080510634
8.49 0.0030475519690432245
8.5 0.003297161266533021
8.51 0.0035438033414296397
8.52 0.0037872562324936777
8.53 0.004027300848585298
8.540000000000001 0.004263721165782369
8.55 0.004496304421683842
8.56 0.004724841307101953
8.57 0.004949126154284213
8.58 0.005168957121979247
8.59 0.005384136377136484
8.6 0.005594470272976799
8.61 0.005799769523207973
8.620000000000001 0.005999849372324871
8.63 0.006194529761979594
8.64 0.006383635492986883
8.65 0.00656699638292882
8.66 0.006744447419366576
8.67 0.006915828908367018
8.68 0.007080986618172176
8.69 0.0072397719179691875
8.700000000000001 0.0073920419116883405
8.71 0.007537659566658638
8.72 0.007676493836792927
8.73 0.007808419780608013
8.74 0.007933318673676096
8.75 0.008051078115433173
8.76 0.008161592130314596
8.77 0.00826476126315917
8.78 0.008360492668724358
8.790000000000001 0.008448700195216683
8.8 0.008529304461789256
8.81 0.00860223293005971
8.82 0.00866741996933276
8.83 0.00872480691566524
8.84 0.00877434212467497
8.85 0.008815981018023967
8.86 0.008849686123521607
8.870000000000001 0.008875427108841769
8.88 0.008893180808836602
8.89 0.008902931246376783
8.9 0.008904669646724593
8.91 0.00889839444543682
8.92 0.008884111289773068
8.93 0.008861833033606152
8.94 0.008831579725864284
8.950000000000001 0.008793378592487851
8.96 0.008747264011907325
8.97 0.008693277484138721
8.98 0.008631467593419106
8.99 0.008561889964472125
9.0 0.008484607212459092
9.01 0.008399688886649312
9.02 0.008307211407812844
9.03 0.008207257999427996
9.040000000000001 0.008099918612802067
9.05 0.007985289846170729
9.06 0.007863474857666548
9.07 0.007734583272546792
9.08 0.007598731084551537
9.09 0.0074560405514940515
9.1 0.0073066400852056426
9.11 0.007150664136008136
9.120000000000001 0.006988253071755717
9.13 0.006819553051436089
9.14 0.0066447158936586495
9.15 0.006463898940084001
9.16 0.006277264913782896
9.17 0.006084981772759276
9.18 0.005887222558843358
9.19 0.005684165242003325
9.200000000000001 0.005475992560145524
9.21 0.005262891854567635
9.22 0.005045054901558995
9.23 0.004822677739692128
9.24 0.004595960493376943
9.25 0.004365107192812342
9.26 0.004130325590414088
9.27 0.003891826973797103
9.28 0.0036498259755903453
9.290000000000001 0.0034045403803256965
9.3 0.003156190928558513
9.31 0.0029050011179878672
9.32 0.002651197002467027
9.33 0.0023950069885987626
9.34 0.002136661630125154
9.35 0.0018763934204002399
9.36 0.0016144365832229952
9.370000000000001 0.0013510268621126237
9.38 0.0010864013080241605
9.39 8.207980660612302E-4
9.4 5.544561612459112E-4
9.41 2.8761528333749546E-4
9.42 2.051557108262226E-5
9.43 -2.4660260382889043E-4
9.44 -5.134988530371506E-4
9.450000000000001 -7.799329878993667E-4
9.46 -0.0010456652357596816
9.47 -0.0013104564554831072
9.48 -0.001574068352822804
9.49 -0.001836263694896212
9.5 -0.0020968065236152255
9.51 -0.002355462367988079
9.52 -0.0026119984551922584
9.53 -0.0028661839200963854
9.540000000000001 -0.0031177900129704993
9.55 -0.0033665903052364585
9.56 -0.003612360893470853
9.57 -0.0038548806007529263
9.58 -0.004093931175686132
9.59 -0.004329297488868983
9.6 -0.00456076772653578
9.61 -0.00478813358111406
9.620000000000001 -0.005011190438641399
9.63 -0.0052297375630137736
9.64 -0.005443578276598486
9.65 -0.005652520137160084
9.66 -0.005856375111110673
9.67 -0.006054959742759097
9.68 -0.006248095319357191
9.69 -0.006435608031897272
9.700000000000001 -0.006617329131572333
9.71 -0.0067930950817152135
9.72 -0.006962747704800502
9.73 -0.007126134324906022
9.74 -0.007283107905121805
9.75 -0.0074335271798348975
9.76 -0.007577256781830206
9.77 -0.007714167364156783
9.78 -0.007844135716549613
9.790000000000001 -0.007967044876279139
9.8 -0.008082784233358965
9.81 -0.008191249630203599
9.82 -0.008292343455284054
9.83 -0.008385974730968975
9.84 -0.008472059195422894
9.85 -0.008550519378450548
9.86 -0.008621284671187092
9.870000000000001 -0.00868429138963405
9.88 -0.00873948283200129
9.89 -0.008786809329722204
9.9 -0.008826228292136019
9.91 -0.008857704244836645
9.92 -0.00888120886159515
9.93 -0.008896720989843747
9.94 -0.008904226669711027
9.950000000000001 -0.00890371914659247
9.96 -0.008895198877225195
9.97 -0.008878673529275087
9.98 -0.008854157974443933
9.99 -0.008821674275073894
10.0 -0.008781251664297173
