0.01 0.001788026324469394
0.02 0.0017792632856523864
0.03 0.0017703223219894951
0.04 0.0017612043275696972
0.05 0.0017519102141847636
0.06 0.001742440911238379
0.07 0.0017327973656528941
0.08 0.0017229805417748136
0.09 0.0017129914212783708
0.1 0.001702831003067292
0.11 0.0016925003031749522
0.12 0.0016820003546626867
0.13 0.0016713322075165853
0.14 0.001660496928542566
0.15 0.0016494956012594042
0.16 0.0016383293257906798
0.17 0.0016269992187546616
0.18 0.0016155064131525931
0.19 0.0016038520582554625
0.2 0.0015920373194890393
0.21 0.0015800633783173775
0.22 0.0015679314321245899
0.23 0.0015556426940951627
0.24 0.0015431983930927287
0.25 0.0015305997735369932
0.26 0.0015178480952793678
0.27 0.0015049446334770742
0.28 0.0014918906784655971
0.29 0.0014786875356294674
0.3 0.001465336525272027
0.31 0.001451838982483162
0.32 0.0014381962570059331
0.33 0.0014244097131014652
0.34 0.001410480729412722
0.35000000000000003 0.0013964106988263991
0.36 0.0013822010283338914
0.37 0.0013678531388903697
0.38 0.0013533684652728467
0.39 0.0013387484559365713
0.4 0.0013239945728703425
0.41000000000000003 0.0013091082914501494
0.42 0.0012940911002917509
0.43 0.0012789445011016913
0.44 0.0012636700085273326
0.45 0.001248269150005159
0.46 0.0012327434656082162
0.47000000000000003 0.0012170945078919884
0.48 0.0012013238417392146
0.49 0.0011854330442033815
0.5 0.0011694237043509475
0.51 0.0011532974231026317
0.52 0.001137055813073072
0.53 0.0011207004984097612
0.54 0.001104233114630497
0.55 0.001087655308459979
0.56 0.0010709687376649856
0.5700000000000001 0.0010541750708886895
0.58 0.0010372759874837957
0.59 0.0010202731773445383
0.6 0.0010031683407377874
0.61 9.859631881329355E-4
0.62 9.686594400308775E-4
0.63 9.512588267920304E-4
0.64 9.337630884632196E-4
0.65 9.161739746037164E-4
0.66 8.9849324411022E-4
0.67 8.80722665041062E-4
0.68 8.628640144393109E-4
0.6900000000000001 8.449190781551855E-4
0.7000000000000001 8.268896506673206E-4
0.71 8.087775349034742E-4
0.72 7.905845420601326E-4
0.73 7.723124914213618E-4
0.74 7.539632101770872E-4
0.75 7.35538533240079E-4
0.76 7.170403030626627E-4
0.77 6.984703694525266E-4
0.78 6.798305893874498E-4
0.79 6.611228268299865E-4
0.8 6.423489525407514E-4
0.81 6.23510843891581E-4
0.8200000000000001 6.046103846776062E-4
0.8300000000000001 5.856494649289927E-4
0.84 5.666299807219218E-4
0.85 5.475538339889954E-4
0.86 5.284229323289362E-4
0.87 5.092391888160024E-4
0.88 4.900045218085634E-4
0.89 4.707208547572562E-4
0.9 4.51390116012768E-4
0.91 4.32014238632808E-4
0.92 4.125951601890257E-4
0.93 3.9313482257302815E-4
0.9400000000000001 3.736351718023904E-4
0.9500000000000001 3.540981578259299E-4
0.96 3.345257343287729E-4
0.97 3.149198585369464E-4
0.98 2.9528249102170996E-4
0.99 2.756155955034459E-4
1.0 2.559211386552776E-4
1.01 2.36201089906526E-4
1.02 2.1645742124563224E-4
1.03 1.966921070229944E-4
1.04 1.7690712375354194E-4
1.05 1.571044499191592E-4
1.06 1.372860657706955E-4
1.07 1.1745395313005744E-4
1.08 9.761009519199052E-5
1.09 7.775647632573819E-5
1.1 5.789508187665231E-5
1.11 3.802789796761652E-5
1.12 1.815691130048783E-5
1.1300000000000001 -1.7158910426384734E-6
1.1400000000000001 -2.1588521798100405E-5
1.1500000000000001 -4.145899371937972E-5
1.16 -6.132531977581772E-5
1.17 -8.118551335138864E-5
1.18 -1.0103758844328314E-4
1.19 -1.2087955986053069E-4
1.2 -1.4070944342251386E-4
1.21 -1.605252561574316E-4
1.22 -1.803250165004992E-4
1.23 -2.001067444921766E-4
1.24 -2.1986846197616564E-4
1.25 -2.396081927971822E-4
1.26 -2.593239629985895E-4
1.27 -2.79013801019803E-4
1.28 -2.986757378934165E-4
1.29 -3.183078074421341E-4
1.3 -3.3790804647538045E-4
1.31 -3.574744949855555E-4
1.32 -3.770051963441285E-4
1.33 -3.9649819749723516E-4
1.34 -4.159515491610095E-4
1.35 -4.353633060164922E-4
1.36 -4.5473152690417426E-4
1.37 -4.740542750181127E-4
1.3800000000000001 -4.93329618099585E-4
1.3900000000000001 -5.125556286303618E-4
1.4000000000000001 -5.317303840254001E-4
1.41 -5.508519668251387E-4
1.42 -5.699184648872399E-4
1.43 -5.889279715777857E-4
1.44 -6.078785859619443E-4
1.45 -6.267684129940694E-4
1.46 -6.455955637072023E-4
1.47 -6.643581554019544E-4
1.48 -6.830543118348012E-4
1.49 -7.016821634056714E-4
1.5 -7.202398473449346E-4
1.51 -7.387255078996626E-4
1.52 -7.571372965192006E-4
1.53 -7.754733720400342E-4
1.54 -7.937319008698899E-4
1.55 -8.119110571710988E-4
1.56 -8.300090230431813E-4
1.57 -8.480239887046313E-4
1.58 -8.659541526738947E-4
1.59 -8.837977219495173E-4
1.6 -9.015529121894404E-4
1.61 -9.192179478894364E-4
1.62 -9.367910625606545E-4
1.6300000000000001 -9.542704989062754E-4
1.6400000000000001 -9.716545089972278E-4
1.6500000000000001 -9.889413544469875E-4
1.6600000000000001 -0.0010061293065854178
1.67 -0.0010232166466316323
1.68 -0.001040201665865857
1.69 -0.0010570826658003278
1.7 -0.0010738579583491202
1.71 -0.0010905258659969568
1.72 -0.0011070847219669575
1.73 -0.001123532870387333
1.74 -0.0011398686664569363
1.75 -0.001156090476609796
1.76 -0.0011721966786783918
1.77 -0.0011881856620559457
1.78 -0.0012040558278574457
1.79 -0.0012198055890795393
1.8 -0.0012354333707592213
1.81 -0.001250937610131357
1.82 -0.001266316756784918
1.83 -0.0012815692728180702
1.84 -0.0012966936329919024
1.85 -0.0013116883248830177
1.86 -0.0013265518490347098
1.87 -0.001341282719106947
1.8800000000000001 -0.0013558794620250135
1.8900000000000001 -0.001370340618126779
1.9000000000000001 -0.0013846647413086673
1.9100000000000001 -0.0013988503991703167
1.92 -0.0014128961731577512
1.93 -0.001426800658705283
1.94 -0.0014405624653759397
1.95 -0.0014541802170005202
1.96 -0.0014676525518152123
1.97 -0.0014809781225977752
1.98 -0.0014941555968022002
1.99 -0.001507183656692085
2.0 -0.0015200609994722764
2.0100000000000002 -0.001532786337419243
2.02 -0.0015453583980097843
2.0300000000000002 -0.0015577759240483064
2.04 -0.0015700376737925838
2.05 -0.0015821424210778188
2.06 -0.0015940889554394155
2.07 -0.0016058760822338734
2.08 -0.0016175026227583098
2.09 -0.0016289674143684036
2.1 -0.0016402693105945082
2.11 -0.0016514071812564744
2.12 -0.0016623799125764665
2.13 -0.0016731864072905014
2.14 -0.0016838255847581483
2.15 -0.0016942963810704778
2.16 -0.001704597749156621
2.17 -0.00171472865888834
2.18 -0.0017246880971830986
2.19 -0.0017344750681053773
2.2 -0.0017440885929662492
2.21 -0.0017535277104212246
2.22 -0.0017627914765664199
2.23 -0.001771878965032945
2.24 -0.0017807892670795278
2.25 -0.0017895214916833942
2.2600000000000002 -0.0017980747656293522
2.27 -0.0018064482335971319
2.2800000000000002 -0.0018146410582469132
2.29 -0.0018226524203030984
2.3000000000000003 -0.0018304815186360943
2.31 -0.0018381275703426357
2.32 -0.0018455898108239192
2.33 -0.0018528674938620955
2.34 -0.0018599598916949163
2.35 -0.0018668662950885536
2.36 -0.0018735860134084029
2.37 -0.0018801183746882351
2.38 -0.0018864627256973243
2.39 -0.0018926184320059328
2.4 -0.0018985848780484797
2.41 -0.0019043614671853976
2.42 -0.0019099476217625286
2.43 -0.0019153427831691272
2.44 -0.001920546411893505
2.45 -0.0019255579875771664
2.46 -0.0019303770090666912
2.47 -0.00193500299446394
2.48 -0.0019394354811742391
2.49 -0.0019436740259525906
2.5 -0.0019477182049481262
2.5100000000000002 -0.001951567613746231
2.52 -0.001955221867409249
2.5300000000000002 -0.0019586806005148756
2.54 -0.001961943467192691
2.5500000000000003 -0.001965010141158723
2.56 -0.001967880315748161
2.57 -0.001970553703945896
2.58 -0.001973030038415367
2.59 -0.001975309071525207
2.6 -0.0019773905753739476
2.61 -0.001979274341812982
2.62 -0.001980960182467219
2.63 -0.0019824479287540338
2.64 -0.0019837374318999726
2.65 -0.0019848285629558452
2.66 -0.0019857212128094265
2.67 -0.001986415292196497
2.68 -0.001986910731709709
2.69 -0.00198720748180546
2.7 -0.0019873055128090686
2.71 -0.0019872048149174822
2.72 -0.001986905398200382
2.73 -0.0019864072925992026
2.74 -0.001985710547924142
2.75 -0.0019848152338489706
2.7600000000000002 -0.0019837214399045025
2.77 -0.001982429275469078
2.7800000000000002 -0.001980938869758157
2.79 -0.0019792503718110014
2.8000000000000003 -0.0019773639504760587
2.81 -0.0019752797943938874
2.82 -0.0019729981119783026
2.83 -0.0019705191313956916
2.84 -0.0019678431005420503
2.85 -0.0019649702870182012
2.86 -0.0019619009781031327
2.87 -0.001958635480725152
2.88 -0.0019551741214312917
2.89 -0.0019515172463546073
2.9 -0.0019476652211795325
2.91 -0.0019436184311054055
2.92 -0.0019393772808078231
2.93 -0.0019349421943983024
2.94 -0.0019303136153818185
2.95 -0.0019254920066123383
2.96 -0.0019204778502468003
2.97 -0.0019152716476966173
2.98 -0.0019098739195777441
2.99 -0.0019042852056584453
3.0 -0.0018985060648054866
3.0100000000000002 -0.0018925370749281348
3.02 -0.0018863788329204025
3.0300000000000002 -0.0018800319546013542
3.04 -0.0018734970746535258
3.0500000000000003 -0.00186677484655948
3.06 -0.001859865942536395
3.0700000000000003 -0.0018527710534689777
3.08 -0.00184549088884014
3.09 -0.001838026176660353
3.1 -0.0018303776633945622
3.11 -0.0018225461138877755
3.12 -0.0018145323112883686
3.13 -0.001806337056969931
3.14 -0.0017979611704510754
3.15 -0.001789405489313465
3.16 -0.001780670869118109
3.17 -0.0017717581833197312
3.18 -0.0017626683231794478
3.19 -0.001753402197675739
3.2 -0.001743960733413444
3.21 -0.0017343448745311034
3.22 -0.0017245555826065821
3.23 -0.0017145938365609203
3.24 -0.0017044606325604251
3.25 -0.0016941569839170841
3.2600000000000002 -0.0016836839209871178
3.27 -0.0016730424910681029
3.2800000000000002 -0.0016622337582942205
3.29 -0.0016512588035296693
3.3000000000000003 -0.0016401187242608025
3.31 -0.0016288146344862976
3.3200000000000003 -0.001617347664605668
3.33 -0.0016057189613063762
3.34 -0.0015939296874490315
3.35 -0.0015819810219512233
3.36 -0.0015698741596695339
3.37 -0.0015576103112801064
3.38 -0.0015451907031575405
3.39 -0.001532616577252305
3.4 -0.0015198891909665305
3.41 -0.0015070098170282418
3.42 -0.0014939797433640815
3.43 -0.0014808002729705717
3.44 -0.0014674727237837493
3.45 -0.0014539984285474362
3.46 -0.001440378734679938
3.47 -0.0014266150041392877
3.48 -0.0014127086132870459
3.49 -0.0013986609527507354
3.5 -0.001384473427284714
3.5100000000000002 -0.0013701474556296813
3.52 -0.0013556844703708324
3.5300000000000002 -0.0013410859177947364
3.54 -0.0013263532577444035
3.5500000000000003 -0.001311487963473577
3.56 -0.0012964915214993215
3.5700000000000003 -0.0012813654314533297
3.58 -0.0012661112059319806
3.59 -0.0012507303703451337
3.6 -0.0012352244627635044
3.61 -0.0012195950337649767
3.62 -0.0012038436462793733
3.63 -0.0011879718754323459
3.64 -0.0011719813083877558
3.65 -0.0011558735441889833
3.66 -0.0011396501935990104
3.67 -0.0011233128789393946
3.68 -0.001106863233927952
3.69 -0.0010903029035154944
3.7 -0.001073633543721302
3.71 -0.001056856821467403
3.72 -0.0010399744144120638
3.73 -0.0010229880107819466
3.74 -0.0010058993092032416
3.75 -9.887100185318506E-4
3.7600000000000002 -9.714218576825179E-4
3.77 -9.540365554569532E-4
3.7800000000000002 -9.365558503708507E-4
3.79 -9.18981490480188E-4
3.8000000000000003 -9.013152332062983E-4
3.81 -8.835588451601571E-4
3.8200000000000003 -8.657141019658255E-4
3.83 -8.477827880826882E-4
3.84 -8.29766696627257E-4
3.85 -8.116676291936113E-4
3.86 -7.934873956734396E-4
3.87 -7.752278140749371E-4
3.88 -7.568907103410418E-4
3.89 -7.384779181668908E-4
3.9 -7.199912788162877E-4
3.91 -7.014326409378002E-4
3.92 -6.828038603797461E-4
3.93 -6.641068000046506E-4
3.94 -6.453433295029627E-4
3.95 -6.265153252061314E-4
3.96 -6.076246698988689E-4
3.97 -5.886732526309426E-4
3.98 -5.696629685283425E-4
3.99 -5.50595718603596E-4
4.0 -5.314734095658773E-4
4.01 -5.122979536300552E-4
4.0200000000000005 -4.930712683257515E-4
4.03 -4.7379527630551845E-4
4.04 -4.5447190515247155E-4
4.05 -4.351030871876548E-4
4.0600000000000005 -4.1569075927670203E-4
4.07 -3.9623686263621675E-4
4.08 -3.767433426396913E-4
4.09 -3.572121486228253E-4
4.1 -3.3764523368878265E-4
4.11 -3.1804455451273956E-4
4.12 -2.9841207114628414E-4
4.13 -2.7874974682137575E-4
4.14 -2.590595477541E-4
4.15 -2.393434429479126E-4
4.16 -2.1960340399688333E-4
4.17 -1.998414048884704E-4
4.18 -1.8005942180608907E-4
4.19 -1.602594329315849E-4
4.2 -1.4044341824734217E-4
4.21 -1.2061335933829674E-4
4.22 -1.0077123919383683E-4
4.23 -8.091904200942978E-5
4.24 -6.105875298825467E-5
4.25 -4.1192358142662534E-5
4.26 -2.132184409558101E-5
4.2700000000000005 -1.4491978818614002E-6
4.28 1.842359325043767E-5
4.29 3.8294542038769225E-5
4.3 5.816166140480448E-5
4.3100000000000005 7.802296465316897E-5
4.32 9.787646567008741E-5
4.33 1.1772017912200525E-4
4.34 1.3755212065410372E-4
4.3500000000000005 1.573703070887747E-4
4.36 1.7717275662387037E-4
4.37 1.9695748903094317E-4
4.38 2.1672252585325016E-4
4.39 2.3646589060357176E-4
4.4 2.561856089618878E-4
4.41 2.758797089727876E-4
4.42 2.9554622124269023E-4
4.43 3.151831791367734E-4
4.44 3.3478861897558165E-4
4.45 3.543605802314699E-4
4.46 3.738971057246579E-4
4.47 3.933962418188395E-4
4.48 4.1285603861667536E-4
4.49 4.322745501546893E-4
4.5 4.516498345979177E-4
4.51 4.709799544340639E-4
4.5200000000000005 4.902629766672467E-4
4.53 5.094969730113083E-4
4.54 5.286800200826517E-4
4.55 5.478101995925512E-4
4.5600000000000005 5.668855985389984E-4
4.57 5.859043093979901E-4
4.58 6.048644303143012E-4
4.59 6.237640652916356E-4
4.6000000000000005 6.426013243822357E-4
4.61 6.613743238758995E-4
4.62 6.800811864883203E-4
4.63 6.987200415488211E-4
4.64 7.172890251874342E-4
4.65 7.357862805212686E-4
4.66 7.542099578402016E-4
4.67 7.725582147918579E-4
4.68 7.908292165658309E-4
4.69 8.090211360771714E-4
4.7 8.271321541490841E-4
4.71 8.451604596948566E-4
4.72 8.631042498989576E-4
4.73 8.809617303973214E-4
4.74 8.987311154567762E-4
4.75 9.16410628153625E-4
4.76 9.339985005513322E-4
4.7700000000000005 9.514929738773153E-4
4.78 9.688922986988168E-4
4.79 9.861947350978564E-4
4.8 0.0010033985528452108
4.8100000000000005 0.0010205020315734487
4.82 0.001037503460948943
4.83 0.0010544011408429197
4.84 0.0010711933815014806
4.8500000000000005 0.0010878785037145532
4.86 0.0011044548389838107
4.87 0.0011209207296895478
4.88 0.0011372745292564195
4.89 0.0011535146023180785
4.9 0.0011696393248807754
4.91 0.0011856470844856767
4.92 0.0012015362803701698
4.93 0.0012173053236278935
4.94 0.001232952637367686
4.95 0.0012484766568711847
4.96 0.001263875829749398
4.97 0.001279148616097851
4.98 0.0012942934886506583
4.99 0.0013093089329331814
5.0 0.001324193447413491
5.01 0.00133894554365254
5.0200000000000005 0.0013535637464530204
5.03 0.0013680465940068235
5.04 0.0013823926380412506
5.05 0.0013966004439638772
5.0600000000000005 0.0014106685910059247
5.07 0.00142459567236443
5.08 0.001438380295342856
5.09 0.001452021081490391
5.1000000000000005 0.0014655166667397928
5.11 0.0014788657015437849
5.12 0.0014920668510100066
5.13 0.0015051187950345037
5.14 0.001518020228433774
5.15 0.0015307698610752068
5.16 0.0015433664180061664
5.17 0.0015558086395814517
5.18 0.0015680952815892988
5.19 0.0015802251153757172
5.2 0.0015921969279674487
5.21 0.0016040095221932088
5.22 0.001615661716803425
5.23 0.001627152346588335
5.24 0.001638480262494553
5.25 0.001649644331739907
5.26 0.0016606434379267876
5.2700000000000005 0.0016714764811537588
5.28 0.001682142378125476
5.29 0.0016926400622611867
5.3 0.001702968483801181
5.3100000000000005 0.0017131266099119423
5.32 0.0017231134247893058
5.33 0.0017329279297601241
5.34 0.001742569143382054
5.3500000000000005 0.0017520361015418069
5.36 0.0017613278575513997
5.37 0.0017704434822430086
5.38 0.0017793820640617745
5.39 0.0017881427091569358
5.4 0.0017967245414712981
5.41 0.0018051267028287913
5.42 0.0018133483530202751
5.43 0.0018213886698875382
5.44 0.0018292468494056626
5.45 0.0018369221057632035
5.46 0.0018444136714409335
5.47 0.0018517207972885159
5.48 0.0018588427525994713
5.49 0.0018657788251842037
5.5 0.0018725283214412244
5.51 0.0018790905664265332
5.5200000000000005 0.001885464903921092
5.53 0.0018916506964965093
5.54 0.0018976473255786228
5.55 0.0019034541915095371
5.5600000000000005 0.0019090707136075271
5.57 0.0019144963302250282
5.58 0.0019197304988049278
5.59 0.0019247726959347046
5.6000000000000005 0.0019296224173988683
5.61 0.0019342791782293093
5.62 0.0019387425127537973
5.63 0.0019430119746426347
5.64 0.0019470871369532028
5.65 0.0019509675921726248
5.66 0.001954652952258637
5.67 0.001958142848678278
5.68 0.0019614369324448414
5.69 0.001964534874152697
5.7 0.001967436364010238
5.71 0.0019701411118708888
5.72 0.001972648847262125
5.73 0.001974959319412548
5.74 0.001977072297276764
5.75 0.0019789875695588738
5.76 0.0019807049447331227
5.7700000000000005 0.0019822242510635127
5.78 0.0019835453366206144
5.79 0.0019846680692970475
5.8 0.0019855923368203884
5.8100000000000005 0.001986318046764734
5.82 0.001986845126559657
5.83 0.001987173523497608
5.84 0.001987303204739193
5.8500000000000005 0.001987234157316395
5.86 0.0019869663881338455
5.87 0.001986499923968329
5.88 0.0019858348114658165
5.89 0.0019849711171369988
5.9 0.001983908927350614
5.91 0.0019826483483247493
5.92 0.0019811895061162318
5.93 0.0019795325466081407
5.94 0.001977677635494954
5.95 0.0019756249582662828
5.96 0.001973374720188108
5.97 0.001970927146282428
5.98 0.001968282481304551
5.99 0.0019654409897187516
6.0 0.001962402955671863
6.01 0.001959168682964718
6.0200000000000005 0.0019557384950219313
6.03 0.001952112734859407
6.04 0.001948291765050141
6.05 0.0019442759676879628
6.0600000000000005 0.0019400657443492295
6.07 0.00193566151605277
6.08 0.001931063723217765
6.09 0.0019262728256196487
6.1000000000000005 0.0019212893023441836
6.11 0.0019161136517395622
6.12 0.0019107463913665243
6.13 0.0019051880579466385
6.140000000000001 0.0018994392073086097
6.15 0.0018935004143326903
6.16 0.0018873722728932456
6.17 0.0018810553957993262
6.18 0.001874550414733395
6.19 0.0018678579801880814
6.2 0.0018609787614012976
6.21 0.0018539134462891944
6.22 0.001846662741377366
6.23 0.0018392273717303018
6.24 0.0018316080808787375
6.25 0.0018238056307454194
6.26 0.0018158208015688735
6.2700000000000005 0.0018076543918253407
6.28 0.001799307218148993
6.29 0.0017907801152502578
6.3 0.0017820739358322811
6.3100000000000005 0.001773189550505816
6.32 0.00176412784770193
6.33 0.0017548897335833765
6.34 0.0017454761319538878
6.3500000000000005 0.0017358879841657278
6.36 0.0017261262490257533
6.37 0.0017161919026993
6.38 0.0017060859386127361
6.390000000000001 0.0016958093673540204
6.4 0.001685363216571763
6.41 0.0016747485308723
6.42 0.001663966371715387
6.43 0.001653017817307934
6.44 0.0016419039624962577
6.45 0.0016306259186565312
6.46 0.001619184813583864
6.47 0.0016075817913791255
6.48 0.0015958180123348902
6.49 0.0015838946528192591
6.5 0.0015718129051582827
6.51 0.0015595739775165927
6.5200000000000005 0.0015471790937768074
6.53 0.001534629493416947
6.54 0.0015219264313866179
6.55 0.001509071177981425
6.5600000000000005 0.0014960650187159502
6.57 0.0014829092541953622
6.58 0.001469605199985082
6.59 0.0014561541864794793
6.6000000000000005 0.0014425575587686916
6.61 0.0014288166765041486
6.62 0.0014149329137626235
6.63 0.0014009076589088425
6.640000000000001 0.0013867423144565687
6.65 0.0013724382969284975
6.66 0.0013579970367144025
6.67 0.0013434199779283245
6.68 0.0013287085782639325
6.69 0.0013138643088489712
6.7 0.001298888654098022
6.71 0.0012837831115640656
6.72 0.0012685491917887664
6.73 0.001253188418151422
6.74 0.001237702326716567
6.75 0.0012220924660804509
6.76 0.0012063603972161446
6.7700000000000005 0.0011905076933174056
6.78 0.0011745359396414302
6.79 0.0011584467333502668
6.8 0.0011422416833511263
6.8100000000000005 0.001125922410135511
6.82 0.001109490545617165
6.83 0.0010929477329688275
6.84 0.0010762956264579852
6.8500000000000005 0.0010595358912813986
6.86 0.001042670203398622
6.87 0.001025700249364387
6.88 0.0010086277261599746
6.890000000000001 9.91454341023481E-4
6.9 9.741818112791021E-4
6.91 9.568118641653677E-4
6.92 9.393462366625711E-4
6.93 9.217866753189041E-4
6.94 9.04134936075876E-4
6.95 8.863927840926421E-4
6.96 8.685619935696829E-4
6.97 8.506443475711689E-4
6.98 8.326416378467582E-4
6.99 8.145556646524383E-4
7.0 7.963882365704157E-4
7.01 7.781411703284302E-4
7.0200000000000005 7.598162906178288E-4
7.03 7.414154299113773E-4
7.04 7.229404282797471E-4
7.05 7.043931332077375E-4
7.0600000000000005 6.857753994094383E-4
7.07 6.670890886426232E-4
7.08 6.483360695228953E-4
7.09 6.295182173364704E-4
7.1000000000000005 6.106374138529094E-4
7.11 5.916955471368366E-4
7.12 5.726945113590993E-4
7.13 5.536362066075118E-4
7.140000000000001 5.345225386966125E-4
7.15 5.153554189772573E-4
7.16 4.961367641454684E-4
7.17 4.7686849605073367E-4
7.18 4.575525415037598E-4
7.19 4.3819083208394805E-4
7.2 4.187853039460637E-4
7.21 3.993378976267879E-4
7.22 3.798505578505282E-4
7.23 3.603252333350177E-4
7.24 3.407638765964518E-4
7.25 3.21168443754186E-4
7.26 3.0154089433518104E-4
7.2700000000000005 2.8188319107804556E-4
7.28 2.62197299736696E-4
7.29 2.4248518888386284E-4
7.3 2.2274882971421486E-4
7.3100000000000005 2.029901958472198E-4
7.32 1.8321126312979846E-4
7.33 1.634140094387327E-4
7.34 1.4360041448290562E-4
7.3500000000000005 1.2377245960530024E-4
7.36 1.0393212758487736E-4
7.37 8.408140243830383E-5
7.38 6.42222692215554E-5
7.390000000000001 4.435671383140247E-5
7.4 2.4486722806822522E-5
7.41 4.614283130379685E-6
7.42 -1.5258617970541925E-5
7.43 -3.512999322236602E-5
7.44 -5.4997855504152764E-5
7.45 -7.486021804622485E-5
7.46 -9.471509462887282E-5
7.47 -1.1456049978098324E-4
7.48 -1.343944489785823E-4
7.49 -1.542149588432906E-4
7.5 -1.7402004734059842E-4
7.51 -1.9380773397821438E-4
7.5200000000000005 -2.135760400039298E-4
7.53 -2.3332298860362767E-4
7.54 -2.530466050989007E-4
7.55 -2.7274491714452515E-4
7.5600000000000005 -2.924159549257362E-4
7.57 -3.1205775135512604E-4
7.58 -3.316683422694299E-4
7.59 -3.5124576662588905E-4
7.6000000000000005 -3.70788066698394E-4
7.61 -3.9029328827322446E-4
7.62 -4.0975948084445664E-4
7.63 -4.291846978090821E-4
7.640000000000001 -4.4856699666157604E-4
7.65 -4.6790443918821075E-4
7.66 -4.8719509166083967E-4
7.67 -5.064370250303014E-4
7.68 -5.256283151192844E-4
7.69 -5.447670428147876E-4
7.7 -5.638512942599739E-4
7.71 -5.828791610456097E-4
7.72 -6.018487404008652E-4
7.73 -6.207581353836304E-4
7.74 -6.396054550701473E-4
7.75 -6.58388814744162E-4
7.76 -6.771063360853594E-4
7.7700000000000005 -6.957561473571993E-4
7.78 -7.143363835940997E-4
7.79 -7.328451867879184E-4
7.8 -7.512807060737598E-4
7.8100000000000005 -7.696410979150614E-4
7.82 -7.879245262879356E-4
7.83 -8.061291628647816E-4
7.84 -8.242531871971137E-4
7.8500000000000005 -8.42294786897603E-4
7.86 -8.60252157821311E-4
7.87 -8.781235042461109E-4
7.88 -8.959070390522533E-4
7.890000000000001 -9.136009839010792E-4
7.9 -9.312035694128449E-4
7.91 -9.487130353436698E-4
7.92 -9.661276307615519E-4
7.930000000000001 -9.834456142214635E-4
7.94 -0.0010006652539394844
7.95 -0.0010177848279660003
7.96 -0.0010348026243578688
7.97 -0.0010517169413496318
7.98 -0.0010685260875236905
7.99 -0.0010852283819794324
8.0 -0.0011018221545014352
8.01 -0.0011183057457260627
8.02 -0.0011346775073080395
8.03 -0.0011509358020848496
8.040000000000001 -0.001167079004240557
8.05 -0.0011831054994684033
8.06 -0.0011990136851322169
8.07 -0.0012148019704266958
8.08 -0.001230468776536462
8.09 -0.0012460125367939603
8.1 -0.0012614316968361226
8.11 -0.001276724714759792
8.120000000000001 -0.0012918900612759155
8.13 -0.0013069262198624923
8.14 -0.0013218316869161649
8.15 -0.0013366049719026833
8.16 -0.001351244597505842
8.17 -0.0013657490997752895
8.18 -0.001380117028272877
8.19 -0.0013943469462177247
8.2 -0.001408437430629914
8.21 -0.0014223870724727223
8.22 -0.001436194476793606
8.23 -0.0014498582628636192
8.24 -0.0014633770643155872
8.25 -0.0014767495292805875
8.26 -0.001489974320523284
8.27 -0.0015030501155755668
8.28 -0.00151597560686882
8.290000000000001 -0.0015287495018646987
8.3 -0.0015413705231843522
8.31 -0.001553837408736158
8.32 -0.0015661489118419397
8.33 -0.0015783038013616646
8.34 -0.0015903008618165073
8.35 -0.0016021388935104077
8.36 -0.0016138167126500725
8.370000000000001 -0.0016253331514633007
8.38 -0.0016366870583158525
8.39 -0.001647877297826435
8.4 -0.0016589027509804882
8.41 -0.0016697623152418582
8.42 -0.0016804549046631478
8.43 -0.0016909794499943705
8.44 -0.001701334898789726
8.45 -0.001711520215512963
8.46 -0.0017215343816409437
8.47 -0.0017313763957653374
8.48 -0.0017410452736929783
8.49 -0.001750540048544129
8.5 -0.001759859770849167
8.51 -0.0017690035086436867
8.52 -0.001777970347561507
8.53 -0.0017867593909262265
8.540000000000001 -0.0017953697598407812
8.55 -0.0018038005932755144
8.56 -0.0018120510481540557
8.57 -0.001820120299437847
8.58 -0.001828007540208435
8.59 -0.0018357119817483543
8.6 -0.0018432328536198313
8.61 -0.0018505694037419915
8.620000000000001 -0.0018577208984658802
8.63 -0.0018646866226480418
8.64 -0.0018714658797218582
8.65 -0.001878057991767222
8.66 -0.0018844622995784533
8.67 -0.001890678162730136
8.68 -0.0018967049596410935
8.69 -0.0019025420876366418
8.700000000000001 -0.0019081889630089013
8.71 -0.001913645021075001
8.72 -0.0019189097162337
8.73 -0.0019239825220198608
8.74 -0.0019288629311571316
8.75 -0.001933550455608652
8.76 -0.0019380446266259062
8.77 -0.0019423449947955252
8.78 -0.0019464511300842976
8.790000000000001 -0.0019503626218820812
8.8 -0.001954079079042986
8.81 -0.0019576001299243667
8.82 -0.0019609254224241006
8.83 -0.0019640546240156744
8.84 -0.0019669874217815657
8.85 -0.001969723522444438
8.86 -0.00197226265239646
8.870000000000001 -0.0019746045577268222
8.88 -0.001976749004246914
8.89 -0.001978695777513844
8.9 -0.001980444682851933
8.91 -0.001981995545372119
8.92 -0.001983348209989412
8.93 -0.0019845025414384813
8.94 -0.001985458424287177
8.950000000000001 -0.001986215762947979
8.96 -0.0019867744816876405
8.97 -0.0019871345246348093
8.98 -0.0019872958557854187
8.99 -0.001987258459006552
9.0 -0.001987022338037803
9.01 -0.001986587516491107
9.02 -0.001985954037848276
9.03 -0.001985121965456557
9.040000000000001 -0.001984091382522588
9.05 -0.0019828623921037862
9.06 -0.001981435117098132
9.07 -0.0019798097002319726
9.08 -0.001977986304045618
9.09 -0.0019759651108771743
9.1 -0.0019737463228442715
9.11 -0.0019713301618238684
9.120000000000001 -0.0019687168694300676
9.13 -0.0019659067069898793
9.14 -0.001962899955517278
9.15 -0.001959696915684848
9.16 -0.0019562979077939477
9.17 -0.0019527032717425027
9.18 -0.0019489133669911003
9.19 -0.001944928572527129
9.200000000000001 -0.0019407492868266537
9.21 -0.001936375927814793
9.22 -0.0019318089328237832
9.23 -0.001927048758549323
9.24 -0.0019220958810048914
9.25 -0.001916950795474076
9.26 -0.0019116140164611708
9.27 -0.001906086077639644
9.28 -0.0019003675317987418
9.290000000000001 -0.001894458950788294
9.3 -0.0018883609254615127
9.31 -0.0018820740656157633
9.32 -0.0018755989999318507
9.33 -0.0018689363759109518
9.34 -0.0018620868598099038
9.35 -0.0018550511365745953
9.36 -0.001847829909771544
9.370000000000001 -0.0018404239015173173
9.38 -0.0018328338524066505
9.39 -0.0018250605214380736
9.4 -0.0018171046859382495
9.41 -0.0018089671414840615
9.42 -0.0018006487018232215
9.43 -0.0017921501987927147
9.44 -0.0017834724822358042
9.450000000000001 -0.00177461641991687
9.46 -0.001765582897434797
9.47 -0.0017563728181342884
9.48 -0.0017469871030156075
9.49 -0.0017374266906424521
9.5 -0.0017276925370480751
9.51 -0.0017177856156397248
9.52 -0.0017077069171012858
9.53 -0.0016974574492942486
9.540000000000001 -0.001687038237156787
9.55 -0.0016764503226015144
9.56 -0.0016656947644110042
9.57 -0.0016547726381321137
9.58 -0.001643685035968407
9.59 -0.0016324330666708116
9.6 -0.0016210178554269144
9.61 -0.0016094405437483167
9.620000000000001 -0.0015977022893565343
9.63 -0.0015858042660672458
9.64 -0.001573747663672844
9.65 -0.0015615336878235307
9.66 -0.0015491635599067096
9.67 -0.001536638516924828
9.68 -0.0015239598113718307
9.69 -0.0015111287111076294
9.700000000000001 -0.0014981464992316024
9.71 -0.0014850144739540828
9.72 -0.0014717339484667065
9.73 -0.0014583062508109162
9.74 -0.0014447327237452846
9.75 -0.001431014724611205
9.76 -0.0014171536251971865
9.77 -0.0014031508116016233
9.78 -0.0013890076840941735
9.790000000000001 -0.0013747256569758028
9.8 -0.0013603061584373539
9.81 -0.0013457506304166691
9.82 -0.0013310605284543487
9.83 -0.0013162373215484145
9.84 -0.0013012824920071806
9.85 -0.0012861975353011621
9.86 -0.001270983959913436
9.870000000000001 -0.001255643287188862
9.88 -0.001240177051181961
9.89 -0.001224586798503369
9.9 -0.0012088740881654502
9.91 -0.001193040491426091
9.92 -0.00117708759163179
9.93 -0.0011610169840592316
9.94 -0.0011448302757557783
9.950000000000001 -0.001128529085378768
9.96 -0.0011121150430336531
9.97 -0.001095589790110991
9.98 -0.0010789549791223347
9.99 -0.0010622122735348622
10.0 -0.001045363347605212
