0.01 0.013397622724879725
0.02 0.01353227107179539
0.03 0.013668272657095078
0.04 0.013805641081051017
0.05 0.01394439008061954
0.06 0.014084533530816555
0.07 0.014226085446103813
0.08 0.01436905998179088
0.09 0.014513471435450313
0.1 0.014659334248347882
0.11 0.014806663006886493
0.12 0.014955472444064592
0.13 0.0151057774409502
0.14 0.015257593028167888
0.15 0.01541093438740335
0.16 0.015565816852919778
0.17 0.01572225591309331
0.18 0.015880267211959856
0.19 0.016039866550781295
0.2 0.016201069889624446
0.21 0.016363893348957444
0.22 0.01652835321126192
0.23 0.01669446592266131
0.24 0.01686224809456499
0.25 0.017031716505330103
0.26 0.017202888101938887
0.27 0.01737578000169355
0.28 0.01755040949392843
0.29 0.017726794041737905
0.3 0.01790495128372395
0.31 0.01808489903575925
0.32 0.01826665529276898
0.33 0.018450238230530172
0.34 0.018635666207489764
0.35000000000000003 0.018822957766599768
0.36 0.01901213163717238
0.37 0.019203206736752097
0.38 0.01939620217300833
0.39 0.01959113724564527
0.4 0.01978803144833289
0.41000000000000003 0.019986904470655376
0.42 0.020187776200080897
0.43 0.020390666723949433
0.44 0.02059559633148276
0.45 0.020802585515812252
0.46 0.021011654976028818
0.47000000000000003 0.021222825619252914
0.48 0.02143611856272447
0.49 0.021651555135915934
0.5 0.021869156882663828
0.51 0.0220889455633245
0.52 0.022310943156949037
0.53 0.022535171863481838
0.54 0.022761654105980203
0.55 0.022990412532857434
0.56 0.02322147002014645
0.5700000000000001 0.023454849673789066
0.58 0.023690574831944592
0.59 0.023928669067325686
0.6 0.024169156189554133
0.61 0.024412060247542406
0.62 0.024657405531899056
0.63 0.024905216577356636
0.64 0.025155518165226435
0.65 0.02540833532587581
0.66 0.025663693341231454
0.67 0.02592161774730776
0.68 0.026182134336760123
0.6900000000000001 0.026445269161464696
0.7000000000000001 0.02671104853512322
0.71 0.026979499035894503
0.72 0.02725064750905233
0.73 0.027524521069670224
0.74 0.027801147105332182
0.75 0.028080553278871996
0.76 0.02836276753114093
0.77 0.028647818083797908
0.78 0.02893573344213729
0.79 0.029226542397933555
0.8 0.02952027403232507
0.81 0.02981695771872048
0.8200000000000001 0.030116623125735115
0.8300000000000001 0.030419300220159918
0.84 0.030725019269956015
0.85 0.0310338108472833
0.86 0.031345705831557144
0.87 0.03166073541253553
0.88 0.031978931093438884
0.89 0.032300324694101205
0.9 0.032624948354149634
0.91 0.03295283453622142
0.92 0.03328401602920708
0.93 0.03361852595153263
0.9400000000000001 0.033956397754469084
0.9500000000000001 0.03429766522547804
0.96 0.034642362491590785
0.97 0.03499052402282174
0.98 0.035342184635613776
0.99 0.03569737949632115
1.0 0.03605614412472593
1.01 0.036418514397590286
1.02 0.036784526552243034
1.03 0.037154217190205084
1.04 0.03752762328084813
1.05 0.0379047821650925
1.06 0.0382857315591405
1.07 0.03867050955824953
1.08 0.03905915464053971
1.09 0.03945170567084345
1.1 0.03984820190459097
1.11 0.040248682991735826
1.12 0.04065318898072057
1.1300000000000001 0.0410617603224809
1.1400000000000001 0.04147443787449207
1.1500000000000001 0.0418912629048525
1.16 0.042312277096413074
1.17 0.042737522550943687
1.18 0.043167041793344144
1.19 0.04360087777589641
1.2 0.044039073882560724
1.21 0.04448167393331249
1.22 0.04492872218852554
1.23 0.04538026335339853
1.24 0.045836342582423785
1.25 0.04629700548390417
1.26 0.04676229812451396
1.27 0.047232267033905304
1.28 0.04770695920935979
1.29 0.04818642212049154
1.3 0.04867070371399065
1.31 0.04915985241842033
1.32 0.049653917149058764
1.33 0.05015294731279016
1.34 0.05065699281304718
1.35 0.05116610405479993
1.36 0.051680331949596515
1.37 0.05219972792065522
1.3800000000000001 0.052724343908005705
1.3900000000000001 0.05325423237368465
1.4000000000000001 0.05378944630697895
1.41 0.05433003922972943
1.42 0.05487606520167753
1.43 0.055427578825875866
1.44 0.05598463525414694
1.45 0.056547290192597396
1.46 0.057115599907189285
1.47 0.05768962122936946
1.48 0.0582694115617467
1.49 0.05885502888383888
1.5 0.05944653175786526
1.51 0.060043979334606
1.52 0.06064743135931704
1.53 0.06125694817770338
1.54 0.06187259074195572
1.55 0.062494420616842405
1.56 0.06312249998587041
1.57 0.06375689165749891
1.58 0.06439765907142361
1.59 0.0650448663049203
1.6 0.06569857807925285
1.61 0.0663588597661416
1.62 0.06702577739430625
1.6300000000000001 0.06769939765606502
1.6400000000000001 0.06837978791400542
1.6500000000000001 0.06906701620772183
1.6600000000000001 0.0697611512606146
1.67 0.07046226248676736
1.68 0.07117041999788765
1.69 0.07188569461031684
1.7 0.07260815785211178
1.71 0.07333788197019935
1.72 0.07407493993759934
1.73 0.07481940546072205
1.74 0.07557135298674018
1.75 0.07633085771103303
1.76 0.07709799558470717
1.77 0.07787284332218794
1.78 0.07865547840889509
1.79 0.07944597910898994
1.8 0.08024442447320049
1.81 0.08105089434672885
1.82 0.08186546937723459
1.83 0.08268823102289995
1.84 0.08351926156057428
1.85 0.08435864409400474
1.86 0.08520646256214329
1.87 0.08606280174754324
1.8800000000000001 0.08692774728483847
1.8900000000000001 0.08780138566930062
1.9000000000000001 0.08868380426549909
1.9100000000000001 0.08957509131602696
1.92 0.09047533595033258
1.93 0.09138462819362994
1.94 0.0923030589759001
1.95 0.0932307201409881
1.96 0.09416770445578192
1.97 0.09511410561949488
1.98 0.0960700182730322
1.99 0.09703553800845524
2.0 0.09801076137854223
2.0100000000000002 0.09899578590644374
2.02 0.0999907100954316
2.0300000000000002 0.10099563343875491
2.04 0.10201065642958662
2.05 0.10303588057106891
2.06 0.1040714083864726
2.07 0.10511734342944168
2.08 0.10617379029435116
2.09 0.10724085462676876
2.1 0.10831864313401629
2.11 0.10940726359584445
2.12 0.11050682487520337
2.13 0.11161743692913993
2.14 0.11273921081978569
2.15 0.11387225872546167
2.16 0.11501669395190378
2.17 0.1161726309435884
2.18 0.11734018529517967
2.19 0.11851947376308347
2.2 0.11971061427713027
2.21 0.12091372595236444
2.22 0.12212892910095487
2.23 0.12335634524422921
2.24 0.12459609712482587
2.25 0.1258483087189657
2.2600000000000002 0.127113105248852
2.27 0.1283906131951895
2.2800000000000002 0.12968096030984005
2.29 0.13098427562858966
2.3000000000000003 0.13230068948405588
2.31 0.13363033351872103
2.32 0.13497334069809785
2.33 0.13632984532402137
2.34 0.137699983048087
2.35 0.1390838908852063
2.36 0.1404817072273189
2.37 0.14189357185722354
2.38 0.14331962596255796
2.39 0.14476001214992146
2.4 0.1462148744591339
2.41 0.1476843583776397
2.42 0.1491686108550537
2.43 0.15066778031786004
2.44 0.15218201668425438
2.45 0.15371147137913646
2.46 0.15525629734925084
2.47 0.1568166490784801
2.48 0.15839268260329856
2.49 0.1599845555283707
2.5 0.1615924270423179
2.5100000000000002 0.1632164579336285
2.52 0.16485681060674823
2.5300000000000002 0.16651364909830924
2.54 0.16818713909354138
2.5500000000000003 0.16987744794283977
2.56 0.17158474467849757
2.57 0.17330920003161074
2.58 0.17505098644915235
2.59 0.17681027811121466
2.6 0.17858725094842984
2.61 0.1803820826595643
2.62 0.18219495272928354
2.63 0.18402604244610443
2.64 0.1858755349205255
2.65 0.1877436151033367
2.66 0.1896304698041112
2.67 0.19153628770989034
2.68 0.19346125940405645
2.69 0.19540557738538183
2.7 0.1973694360872827
2.71 0.19935303189726847
2.72 0.20135656317657002
2.73 0.20338023027998908
2.74 0.20542423557591974
2.75 0.2074887834665956
2.7600000000000002 0.20957408040852518
2.77 0.2116803349331424
2.7800000000000002 0.21380775766765056
2.79 0.21595656135610442
2.8000000000000003 0.21812696088065486
2.81 0.22031917328306796
2.82 0.2225334177864074
2.83 0.22476991581697198
2.84 0.22702889102642826
2.85 0.22931056931417657
2.86 0.23161517884994842
2.87 0.23394295009662178
2.88 0.23629411583325458
2.89 0.23866891117838507
2.9 0.2410675736135229
2.91 0.24349034300691627
2.92 0.24593746163751665
2.93 0.2484091742192302
2.94 0.2509057279253725
2.95 0.2534273724133983
2.96 0.25597435984985334
2.97 0.2585469449356088
2.98 0.26114538493131156
2.99 0.2637699396831318
3.0 0.26642087164872724
3.0100000000000002 0.2690984459235058
3.02 0.2718029302671291
3.0300000000000002 0.2745345951302798
3.04 0.2772937136817226
3.0500000000000003 0.280080561835615
3.06 0.2828954182790905
3.0700000000000003 0.28573856450014073
3.08 0.28861028481575535
3.09 0.29151086640036494
3.1 0.2944405993145376
3.11 0.29739977653401234
3.12 0.30038869397897294
3.13 0.303407650543657
3.14 0.30645694812623575
3.15 0.3095368916590087
3.16 0.31264778913889624
3.17 0.3157899516582355
3.18 0.3189636934359048
3.19 0.322169331848718
3.2 0.3254071874631924
3.21 0.32867758406758696
3.22 0.33198084870428624
3.23 0.3353173117025072
3.24 0.3386873067113341
3.25 0.34209117073306844
3.2600000000000002 0.3455292441569548
3.27 0.34900187079319894
3.2800000000000002 0.35250939790735725
3.29 0.3560521762550653
3.3000000000000003 0.35963056011711186
3.31 0.36324490733486037
3.3200000000000003 0.366895579346051
3.33 0.3705829412209197
3.34 0.3743073616987314
3.35 0.3780692132246378
3.36 0.3818688719869251
3.37 0.3857067179546377
3.38 0.3895831349155692
3.39 0.393498510514644
3.4 0.3974532362926857
3.41 0.40144770772557287
3.42 0.40548232426376896
3.43 0.40955748937229847
3.44 0.41367361057106183
3.45 0.417831099475613
3.46 0.42203037183830505
3.47 0.42627184758986886
3.48 0.4305559508814279
3.49 0.43488311012686726
3.5 0.4392537580457284
3.5100000000000002 0.44366833170643416
3.52 0.4481272725700347
3.5300000000000002 0.45263102653433934
3.54 0.45718004397848405
3.5500000000000003 0.4617747798080222
3.56 0.4664156935003413
3.5700000000000003 0.47110324915070223
3.58 0.4758379155185601
3.59 0.4806201660745031
3.6 0.48545047904757643
3.61 0.4903293374730898
3.62 0.49525722924096277
3.63 0.500234647144478
3.64 0.5052620889295681
3.65 0.510340057344606
3.66 0.515469060190668
3.67 0.5206496103723012
3.68 0.5258822259488477
3.69 0.5311674301862319
3.7 0.5365057516092692
3.71 0.5418977240545566
3.72 0.5473438867238403
3.73 0.5528447842379093
3.74 0.5584009666911144
3.75 0.5640129897063205
3.7600000000000002 0.5696814144905081
3.77 0.5754068078908812
3.7800000000000002 0.5811897424515551
3.79 0.5870307964708005
3.8000000000000003 0.5929305540588816
3.81 0.598889605196479
3.8200000000000003 0.6049085457936783
3.83 0.6109879777495428
3.84 0.617128509012348
3.85 0.623330753640324
3.86 0.6295953318631117
3.87 0.635922870143744
3.88 0.6423140012413324
3.89 0.6487693642743085
3.9 0.6552896047843574
3.91 0.6618753748009569
3.92 0.668527332906603
3.93 0.6752461443026463
3.94 0.6820324808758276
3.95 0.6888870212654649
3.96 0.6958104509312933
3.97 0.702803462222067
3.98 0.7098667544447301
3.99 0.7170010339343942
4.0 0.7242070141249841
4.01 0.7314854156204683
4.0200000000000005 0.7388369662670837
4.03 0.7462624012260253
4.04 0.7537624630469795
4.05 0.7613379017423755
4.0600000000000005 0.7689894748623975
4.07 0.7767179475707321
4.08 0.7845240927210899
4.09 0.7924086909344935
4.1 0.8003725306773292
4.11 0.808416408340217
4.12 0.816541128317622
4.13 0.8247475030883056
4.14 0.8330363532965924
4.15 0.8414085078344088
4.16 0.8498648039241866
4.17 0.8584060872025755
4.18 0.8670332118050293
4.19 0.8757470404511898
4.2 0.8845484445311925
4.21 0.8934383041927748
4.22 0.9024175084293041
4.23 0.9114869551686947
4.24 0.9206475513631786
4.25 0.9299002130800187
4.26 0.9392458655930744
4.2700000000000005 0.9486854434753995
4.28 0.9582198906926429
4.29 0.9678501606974746
4.3 0.9775772165249269
4.3100000000000005 0.9874020308886728
4.32 0.9973255862783564
4.33 1.007348875057773
4.34 1.0174728995641473
4.3500000000000005 1.0276986722083803
4.36 1.038027215576248
4.37 1.0484595625307074
4.38 1.05899675631514
4.39 1.069639850657694
4.4 1.0803899098766914
4.41 1.0912480089870031
4.42 1.1022152338075784
4.43 1.1132926810700692
4.44 1.1244814585284004
4.45 1.135782685069656
4.46 1.147197490825912
4.47 1.158727017287256
4.48 1.1703724174159327
4.49 1.1821348557616573
4.5 1.1940155085780864
4.51 1.206015563940382
4.5200000000000005 1.2181362218640859
4.53 1.2303786944250978
4.54 1.2427442058808766
4.55 1.255233992792863
4.5600000000000005 1.2678493041501542
4.57 1.2805914014944126
4.58 1.2934615590459828
4.59 1.3064610638313363
4.6000000000000005 1.3195912158118042
4.61 1.3328533280135175
4.62 1.3462487266587335
4.63 1.3597787512985031
4.64 1.373444754946561
4.65 1.3872481042146505
4.66 1.4011901794491963
4.67 1.4152723748693576
4.68 1.429496098706398
4.69 1.443862773344565
4.7 1.4583738354632894
4.71 1.4730307361808803
4.72 1.4878349411996106
4.73 1.5027879309523284
4.74 1.5178912007504688
4.75 1.5331462609336
4.76 1.5485546370204508
4.7700000000000005 1.5641178698614695
4.78 1.5798375157929063
4.79 1.5957151467924682
4.8 1.6117523506364717
4.8100000000000005 1.6279507310586665
4.82 1.6443119079106006
4.83 1.6608375173235825
4.84 1.6775292118723428
4.8500000000000005 1.6943886607402494
4.86 1.7114175498862017
4.87 1.7286175822133365
4.88 1.745990477739194
4.89 1.7635379737678434
4.9 1.7812618250634902
4.91 1.799163804026029
4.92 1.8172457008682683
4.93 1.8355093237949898
4.94 1.8539564991836812
4.95 1.8725890717672686
4.96 1.8914089048184952
4.97 1.910417880336412
4.98 1.9296178992343707
4.99 1.9490108815302967
5.0 1.9685987665385285
5.01 1.9883835130639358
5.0200000000000005 2.0083670995976224
5.03 2.028551524514913
5.04 2.048938806275137
5.05 2.0695309836234377
5.0600000000000005 2.0903301157947274
5.07 2.111338282719531
5.08 2.132557585232046
5.09 2.1539901452802663
5.1000000000000005 2.1756381061379555
5.11 2.1975036326193425
5.12 2.2195889112952356
5.13 2.2418961507118973
5.14 2.26442758161191
5.15 2.2871854571571197
5.16 2.310172053154024
5.17 2.3333896682814004
5.18 2.3568406243200797
5.19 2.380527266385273
5.2 2.404451963160853
5.21 2.428617107136489
5.22 2.453025114846665
5.23 2.4776784271125383
5.24 2.5025795092858556
5.25 2.5277308514955945
5.26 2.5531349688969276
5.2700000000000005 2.5787944019227953
5.28 2.6047117165378237
5.29 2.630889504495131
5.3 2.657330383595265
5.3100000000000005 2.6840369979482603
5.32 2.7110120182377138
5.33 2.738258141988188
5.34 2.765778093834745
5.3500000000000005 2.793574625795541
5.36 2.821650517546869
5.37 2.8500085767013403
5.38 2.8786516390884938
5.39 2.9075825690384636
5.4 2.9368042596683037
5.41 2.9663196331714725
5.42 2.9961316411098897
5.43 3.0262432647091986
5.44 3.0566575151568673
5.45 3.08737743390329
5.46 3.1184060929658886
5.47 3.1497465952364925
5.48 3.1814020747913934
5.49 3.2133756972049845
5.5 3.2456706598660956
5.51 3.2782901922979257
5.5200000000000005 3.3112375564809162
5.53 3.344516047178908
5.54 3.3781289922687474
5.55 3.412079753072927
5.5600000000000005 3.4463717246957843
5.57 3.481008336363171
5.58 3.5159930517650086
5.59 3.551329369401995
5.6000000000000005 3.587020822935407
5.61 3.6230709815403013
5.62 3.6594834502625546
5.63 3.6962618703794745
5.64 3.73340991976362
5.65 3.770931313250935
5.66 3.808829803011995
5.67 3.847109178927463
5.68 3.8857732689667146
5.69 3.924825939571033
5.7 3.9642710960400036
5.71 4.004112682922113
5.72 4.044354684409324
5.73 4.085001124735293
5.74 4.126056068577891
5.75 4.1675236214657225
5.76 4.2094079301887115
5.7700000000000005 4.251713183212514
5.78 4.294443611097731
5.79 4.337603486922826
5.8 4.381197126711246
5.8100000000000005 4.425228889863395
5.82 4.469703179592237
5.83 4.514624443363754
5.84 4.559997173341818
5.8500000000000005 4.605825906837246
5.86 4.652115226761541
5.87 4.698869762085294
5.88 4.746094188301002
5.89 4.79379322789063
5.9 4.841971650797899
5.91 4.890634274905218
5.92 4.939785966515558
5.93 4.989431640839098
5.94 5.0395762624845215
5.95 5.090224845955914
5.96 5.141382456153758
5.97 5.1930542088817075
5.98 5.245245271358106
5.99 5.297960862732705
6.0 5.351206254608548
6.01 5.404986771569201
6.0200000000000005 5.459307791711185
6.03 5.514174747181798
6.04 5.569593124722253
6.05 5.625568466216573
6.0600000000000005 5.682106369245484
6.07 5.739212487646411
6.08 5.796892532078797
6.09 5.855152270595129
6.1000000000000005 5.913997529217873
6.11 5.973434192521907
6.12 6.033468204223009
6.13 6.094105567772459
6.140000000000001 6.155352346957155
6.15 6.2172146665059635
6.16 6.279698712702493
6.17 6.342810734003404
6.18 6.406557041663386
6.19 6.470944010366366
6.2 6.535978078862863
6.21 6.601665750613879
6.22 6.668013594441346
6.23 6.7350282451850125
6.24 6.8027164043656985
6.25 6.871084840855807
6.26 6.94014039155585
6.2700000000000005 7.0098899620786055
6.28 7.080340527439126
6.29 7.15149913275271
6.3 7.223372893939133
6.3100000000000005 7.295968998434479
6.32 7.369294705909643
6.33 7.443357348996559
6.34 7.518164334021133
6.3500000000000005 7.593723141744247
6.36 7.670041328109722
6.37 7.747126524999663
6.38 7.824986440998147
6.390000000000001 7.90362886216149
6.4 7.983061652797502
6.41 8.063292756251327
6.42 8.144330195700256
6.43 8.226182074955657
6.44 8.308856579273664
6.45 8.392361976173795
6.46 8.476706616265165
6.47 8.561898934082084
6.48 8.647947448927395
6.49 8.734860765724239
6.5 8.822647575876713
6.51 8.911316658138947
6.5200000000000005 9.000876879493202
6.53 9.091337196036141
6.54 9.182706653874861
6.55 9.274994390031129
6.5600000000000005 9.368209633355706
6.57 9.46236170545047
6.58 9.557460021601072
6.59 9.653514091718364
6.6000000000000005 9.75053352128959
6.61 9.84852801233828
6.62 9.947507364395376
6.63 10.047481475478573
6.640000000000001 10.14846034308216
6.65 10.250454065177282
6.66 10.3534728412208
6.67 10.457526973176495
6.68 10.562626866544097
6.69 10.668783031400613
6.7 10.776006083450932
6.71 10.884306745089647
6.72 10.993695846473162
6.73 11.104184326602656
6.74 11.215783234418428
6.75 11.328503729904178
6.76 11.442357085203302
6.7700000000000005 11.557354685746343
6.78 11.673508031389023
6.79 11.790828737562872
6.8 11.909328536436243
6.8100000000000005 12.029019278087642
6.82 12.149912931691068
6.83 12.272021586712755
6.84 12.395357454119633
6.8500000000000005 12.519932867601577
6.86 12.645760284803554
6.87 12.772852288572185
6.88 12.901221588213744
6.890000000000001 13.030881020765154
6.9 13.161843552277725
6.91 13.2941222791138
6.92 13.427730429256204
6.93 13.562681363631384
6.94 13.698988577445222
6.95 13.836665701532782
6.96 13.975726503720837
6.97 14.116184890206036
6.98 14.258054906943494
6.99 14.40135074105358
7.0 14.54608672223891
7.01 14.692277324218079
7.0200000000000005 14.839937166173431
7.03 14.989081014212193
7.04 15.13972378284313
7.05 15.291880536468744
7.0600000000000005 15.445566490891402
7.07 15.60079701483455
7.08 15.757587631479797
7.09 15.915954020019566
7.1000000000000005 16.075912017224585
7.11 16.237477619028184
7.12 16.400666982124836
7.13 16.565496425587032
7.140000000000001 16.731982432496363
7.15 16.90014165159221
7.16 17.069990898936922
7.17 17.241547159596358
7.18 17.41482758934
7.19 17.5898495163548
7.2 17.766630442979615
7.21 17.945188047454156
7.22 18.125540185687772
7.23 18.307704893044843
7.24 18.491700386147546
7.25 18.677545064698705
7.26 18.865257513321012
7.2700000000000005 19.054856503415834
7.28 19.24636099503992
7.29 19.43979013880239
7.3 19.63516327777831
7.3100000000000005 19.832499949445094
7.32 20.031819887633578
7.33 20.23314302450435
7.34 20.43648949253844
7.3500000000000005 20.64187962655241
7.36 20.84933396573055
7.37 21.05887325567984
7.38 21.27051845050364
7.390000000000001 21.484290714898037
7.4 21.70021142626769
7.41 21.918302176863378
7.42 22.138584775942164
7.43 22.361081251947397
7.44 22.585813854712075
7.45 22.812805057683853
7.46 23.042077560172217
7.47 23.27365428961827
7.48 23.50755840388809
7.49 23.743813293587948
7.5 23.98244258440388
7.51 24.223470139463554
7.5200000000000005 24.4669200617236
7.53 24.71281669637891
7.54 24.961184633297762
7.55 25.21204870948126
7.5600000000000005 25.465434011545785
7.57 25.721365878232636
7.58 25.979869902941854
7.59 26.240971936291405
7.6000000000000005 26.504698088702106
7.61 26.77107473300889
7.62 27.040128507098505
7.63 27.31188631657198
7.640000000000001 27.586375337437566
7.65 27.8636230188254
7.66 28.14365708573465
7.67 28.426505541806005
7.68 28.7121966721204
7.69 29.000759046028428
7.7 29.292221520008887
7.71 29.58661324055122
7.72 29.88396364707351
7.73 30.184302474863657
7.74 30.487659758055198
7.75 30.79406583262904
7.76 31.10355133944792
7.7700000000000005 31.416147227320156
7.78 31.73188475609573
7.79 32.05079549978984
7.8 32.372911349743525
7.8100000000000005 32.698264517808994
7.82 33.026887539575604
7.83 33.35881327761827
7.84 33.694074924787984
7.8500000000000005 34.03270600752849
7.86 34.37474038923047
7.87 34.720212273617115
7.88 35.06915620816472
7.890000000000001 35.421607087557874
7.9 35.77760015717748
7.91 36.13717101662764
7.92 36.500355623293764
7.930000000000001 36.86719029593958
7.94 37.23771171833765
7.95 37.61195694293901
7.96 37.98996339457785
7.97 38.37176887421499
7.98 38.757411562715724
7.99 39.14693002467122
8.0 39.540363212252636
8.01 39.93775046910446
8.02 40.339131534284824
8.03 40.74454654623483
8.040000000000001 41.154036046792896
8.05 41.56764098525131
8.06 41.985402722447674
8.07 42.40736303490445
8.08 42.83356411900399
8.09 43.264048595210454
8.1 43.69885951232994
8.11 44.13804035181658
8.120000000000001 44.581635032119856
8.13 45.029687913078334
8.14 45.48224380035281
8.15 45.93934794990896
8.16 46.40104607254355
8.17 46.867384338452524
8.18 47.33840938185173
8.19 47.81416830563819
8.2 48.29470868610044
8.21 48.780078577677045
8.22 49.27032651776152
8.23 49.76550153155659
8.24 50.26565313697616
8.25 50.77083134959755
8.26 51.28108668766304
8.27 51.79647017713177
8.28 52.31703335678211
8.290000000000001 52.84282828336592
8.3 53.37390753681358
8.31 53.910324225493355
8.32 54.45213199152106
8.33 54.99938501612519
8.34 55.55213802506405
8.35 56.1104462940985
8.36 56.674365654521594
8.370000000000001 57.243952498738636
8.38 57.819263785909534
8.39 58.400357047640824
8.4 58.98729039374472
8.41 59.580122518044476
8.42 60.17891270424632
8.43 60.78372083186693
8.44 61.39460738222492
8.45 62.011633444483145
8.46 62.634860721762756
8.47 63.264351537310134
8.48 63.90016884073118
8.49 64.54237621428769
8.5 65.1910378792503
8.51 65.84621870232674
8.52 66.50798420214544
8.53 67.1764005558085
8.540000000000001 67.85153460550745
8.55 68.53345386520996
8.56 69.22222652741034
8.57 69.91792146994932
8.58 70.62060826289989
8.59 71.33035717552725
8.6 72.04723918331503
8.61 72.77132597506014
8.620000000000001 73.50268996004634
8.63 74.24140427528019
8.64 74.98754279281036
8.65 75.74118012710969
8.66 76.50239164253878
8.67 77.27125346088502
8.68 78.04784246897002
8.69 78.83223632634157
8.700000000000001 79.62451347304014
8.71 80.4247531374398
8.72 81.23303534417366
8.73 82.04944092213667
8.74 82.87405151256678
8.75 83.7069495772098
8.76 84.54821840656712
8.77 85.39794212822194
8.78 86.25620571525484
8.790000000000001 87.12309499473943
8.8 87.99869665632687
8.81 88.88309826091162
8.82 89.77638824939257
8.83 90.67865595151186
8.84 91.58999159479191
8.85 92.51048631355759
8.86 93.44023215804641
8.870000000000001 94.37932210361868
8.88 95.32785006005028
8.89 96.28591088092791
8.9 97.25360037313277
8.91 98.2310153064198
8.92 99.2182534230967
8.93 100.2154134477977
8.94 101.22259509735753
8.950000000000001 102.23989909077923
8.96 103.26742715931019
8.97 104.3052820566131
8.98 105.35356756904304
8.99 106.41238852602532
9.0 107.48185081053742
9.01 108.5620613696989
9.02 109.65312822546537
9.03 110.75516048543429
9.040000000000001 111.86826835374634
9.05 112.99256314211863
9.06 114.12815728096405
9.07 115.27516433064636
9.08 116.43369899282361
9.09 117.60387712192978
9.1 118.78581573675181
9.11 119.97963303213427
9.120000000000001 121.18544839080539
9.13 122.4033823953026
9.14 123.633556840042
9.15 124.87609474349387
9.16 126.13112036048597
9.17 127.39875919462193
9.18 128.67913801084342
9.19 129.97238484809932
9.200000000000001 131.27862903214975
9.21 132.59800118850382
9.22 133.9306332554754
9.23 135.27665849738113
9.24 136.63621151786728
9.25 138.0094282733707
9.26 139.3964460867073
9.27 140.79740366081833
9.28 142.21244109262673
9.290000000000001 143.64169988705473
9.3 145.08532297117404
9.31 146.54345470849435
9.32 148.01624091340526
9.33 149.50382886575574
9.34 151.0063673255805
9.35 152.52400654797486
9.36 154.05689829813
9.370000000000001 155.60519586649468
9.38 157.16905408411657
9.39 158.7486293381233
9.4 160.34407958735383
9.41 161.95556437816364
9.42 163.58324486037478
9.43 165.2272838033914
9.44 166.88784561248002
9.450000000000001 168.5650963452021
9.46 170.25920372803003
9.47 171.97033717311476
9.48 173.6986677952253
9.49 175.44436842886526
9.5 177.20761364554946
9.51 178.98857977127412
9.52 180.78744490413453
9.53 182.60438893214058
9.540000000000001 184.43959355121086
9.55 186.29324228333707
9.56 188.1655204949361
9.57 190.05661541538942
9.58 191.96671615576582
9.59 193.89601372773066
9.6 195.8447010626484
9.61 197.81297303087706
9.620000000000001 199.80102646125232
9.63 201.80906016077677
9.64 203.83727493449055
9.65 205.88587360556414
9.66 207.95506103557022
9.67 210.0450441449755
9.68 212.15603193383402
9.69 214.28823550268376
9.700000000000001 216.4418680736575
9.71 218.61714501180688
9.72 220.81428384663747
9.73 223.0335042938683
9.74 225.27502827738968
9.75 227.53907995146855
9.76 229.82588572315882
9.77 232.13567427494408
9.78 234.46867658760206
9.790000000000001 236.8251259633116
9.8 239.2052580489716
9.81 241.6093108597749
9.82 244.0375248030092
9.83 246.49014270208426
9.84 248.9674098208412
9.85 251.4695738880518
9.86 253.99688512221232
9.870000000000001 256.54959625654857
9.88 259.1279625643038
9.89 261.732241884254
9.9 264.36269464650576
9.91 267.01958389852234
9.92 269.7031753314473
9.93 272.41373730666044
9.94 275.1515408826159
9.950000000000001 277.9168598419518
9.96 280.7099707188694
9.97 283.5311528267875
9.98 286.38068828626365
9.99 289.2588620532178
10.0 292.16596194742806
