0.01 2 0.00909550428056027 0.009431850817801474 0.009094999002879994
0.02 3 0.017617489039117393 0.018382001695178816 0.01838200152497513
0.03 4 0.02662781510378453 0.0282083947581068 0.027864049912101466
0.04 5 0.03575938901866431 0.037544229740817135 0.03754422939318544
0.05 6 0.04509978688861454 0.04777767320130142 0.047425668647370876
0.06 7 0.0546283144824393 0.057511540910845343 0.05751154037833117
0.07 8 0.06435436455133281 0.06816489654216676 0.06780506189587575
0.08 9 0.07427929422180826 0.0783094964300286 0.07830949570494082
0.09 10 0.08440669534461154 0.08939598901520862 0.08902815010205566
0.1 11 0.09473961049008613 0.09996438070497309 0.09996437977937715
0.11 12 0.10528128725369021 0.11149760766527482 0.11112158643638537
0.12 13 0.11603497472842704 0.12250322053362422 0.12250321939933534
0.13 14 0.12700397936519442 0.1344971618026166 0.13411277624856074
0.14 15 0.13819165060742467 0.1459538048051496 0.14595380345372572
0.15 16 0.14960138555104127 0.1584228329544306 0.15802989701712403
0.16 17 0.16123662846253578 0.1703447047023891 0.17034470312512365
0.17 18 0.17310087169922525 0.18330359532521331 0.1829019188078581
0.18 19 0.1851976562598272 0.19570529441935172 0.195705292607266
0.19 20 0.19753057244525135 0.2091692367785584 0.20875862525358108
0.2 21 0.21010326049979167 0.22206577240654207 0.22206577035037792
0.21 22 0.22291941126799417 0.23605038035333661 0.23563063506827786
0.22 23 0.23598276685777608 0.24945718315721088 0.2494571808474226
0.23 24 0.24929712131247794 0.263978506327511 0.26354942410882237
0.24 25 0.2628663212912544 0.2779114395479427 0.27791143697468906
0.25 26 0.2766942667580949 0.29298597484316413 0.29254734799786447
0.26 27 0.290784911679532 0.30746134574731904 0.3074613429004552
0.27 28 0.3051422647311545 0.3231060491066434 0.3226576653217881
0.28 29 0.31977039001303376 0.3381406207067319 0.3381406175758008
0.29 30 0.3346734077741707 0.35437291917806896 0.35391456141798255
0.3 31 0.34985549514607533 0.36998392224776105 0.36998391882198467
0.31 32 0.36532088688559156 0.3868217263647938 0.38635317276601683
0.32 33 0.3810738761270818 0.4030268717608818 0.4030268680291522
0.33 34 0.39711881514408187 0.4204885882337622 0.4200096119976612
0.34 35 0.4134601161205494 0.43730607953062717 0.4373060754814976
0.35000000000000003 36 0.4301022519318169 0.45541062425807366 0.4549209935410625
0.36 37 0.44704975693537374 0.47285917070269606 0.4728591663243712
0.37 38 0.4643072277715955 0.49162598211343256 0.49112545991475154
0.38 39 0.48187932417453977 0.5097248119088749 0.5097248071892015
0.39 40 0.49977076979294166 0.5291738646405415 0.5286622086875407
0.4 41 0.5179863530215195 0.5479427385660243 0.5479427334924815
0.41000000000000003 42 0.536530927842733 0.5680945574898919 0.5675715201207618
0.42 43 0.5554094146791082 0.5875537828657801 0.5875537774254684
0.43 44 0.5746268012562685 0.6084294574657961 0.6078947855096911
0.44 45 0.5941881434767983 0.6285999024720159 0.6285998966516475
0.45 46 0.6140985663050734 0.6502211015869219 0.6496745362414161
0.46 47 0.634363264663191 0.6711242099435337 0.6711242037294218
0.47000000000000003 48 0.6549875043381392 0.6935131968810022 0.6929544735868194
0.48 49 0.675976622900338 0.7151710028998681 0.7151709962779155
0.49 50 0.6973360306336966 0.7383506509318256 0.7377794992447834
0.5 51 0.719071211477323 0.7607857949485247 0.760785787904213
0.51 52 0.7411877239790328 0.7847796031970485 0.7841957466571535
0.52 53 0.7636912022607998 0.8080153473924179 0.8080153399107957
0.53 54 0.7865873569962921 0.8328474571158214 0.8322506131134526
0.54 55 0.8098819764006481 0.8569077017367237 0.8569076938023945
0.55 56 0.833580927232633 0.8826029130256786 0.8819927926647941
0.56 57 0.8576901558093353 0.9075122130148345 0.9075122046119452
0.5700000000000001 58 0.8822156890335527 0.934096001908615 0.9334723098669159
0.58 59 0.9071636354340235 0.9598795839535729 0.9598795750658006
0.59 60 0.9325401862186578 0.9873781199867521 0.986740554372736
0.6 61 0.9583516163409337 1.0140618999983124 1.014061890608852
0.61 62 0.9846042855796104 1.0425020641884903 1.0418503163953245
0.62 63 1.0113046396319318 1.0701126652191535 1.0701126553107048
0.63 64 1.0384592112204714 1.0995220685065503 1.0988558230626964
0.64 65 1.0660746212138017 1.1280868391198093 1.128086828674563
0.65 66 1.0941575797611387 1.1584938412698234 1.1578127756863354
0.66 67 1.1227148874411503 1.1880408743713862 1.18804086337101
0.67 68 1.1517534364250845 1.219474603351477 1.2187783879659078
0.68 69 1.1812802116544083 1.2500327554937714 1.2500327439193963
0.6900000000000001 70 1.211302292033114 1.2825231273363118 1.2818114251531427
0.7000000000000001 71 1.2418268516348994 1.3141220385078989 1.3141220263401046
0.71 72 1.2728611609253713 1.3476997776709119 1.3469722441984355
0.72 73 1.3044125879994846 1.3803698915827147 1.3803698788015142
0.73 74 1.3364885998343832 1.4150665518207046 1.4143228349042787
0.74 75 1.369096763557835 1.4488391367012503 1.4488391232860756
0.75 76 1.402244747732461 1.484687122458629 1.4839268621102208
0.76 77 1.4359403236559316 1.5195942923707897 1.519594278300475
0.77 78 1.4701913666773465 1.5566268807107018 1.555849708934641
0.78 79 1.5050058575299747 1.5927016174027266 1.5927016026554923
0.79 80 1.5403918836805723 1.6309529804843856 1.6301585210992413
0.8 81 1.576357640695461 1.6682291557883249 1.6682291403417615
0.81 82 1.6129114336235901 1.7077343839062866 1.7069222523627825
0.8200000000000001 83 1.650061678396775 1.74624678269722 1.7462467665282713
0.8300000000000001 84 1.6878169032473247 1.7870419078963478 1.7862117110912261
0.84 85 1.7261857501432738 1.8268262516261569 1.8268262347111022
0.85 86 1.7651769762414298 1.8689482719063562 1.868099607992102
0.86 87 1.8047994553584477 1.910041242726114 1.9100412250405503
0.87 88 1.845062179460162 1.9535281468512626 1.9526606050415956
0.88 89 1.8859742601693876 1.9959674123366413 1.9959673938554652
0.89 90 1.9275449302924201 2.0408582052624804 2.039971365633519
0.9 91 1.9697835453644592 2.0846824437569436 2.084682424454332
0.91 92 2.0126995852141842 2.1310171726930554 2.130110605980059
0.92 93 2.056302655547727 2.1762660992839336 2.1762660791333253
0.93 94 2.100602489552246 2.224085880405293 2.2231591477948838
0.9400000000000001 95 2.1456089495193895 2.2708002735482316 2.270800252522307
0.9500000000000001 96 2.1913320284888296 2.320147319372191 2.319199972289951
0.96 97 2.2377818519121657 2.3683690481798054 2.3683690262504657
0.97 98 2.28496867933741 2.4192866956247547 2.418318275518102
0.98 99 2.332902906114309 2.46905874783573 2.4690587249740794
0.99 100 2.3815950651207753 2.5215914869780662 2.520601525094296
1.0 101 2.43105582851065 2.5729579976233463 2.572957973799634
1.01 102 2.4812960094830974 2.6271515011697786 2.626139518329142
1.02 103 2.532326564073841 2.680157781952679 2.6801577571363744
1.03 104 2.5841585929685733 2.7360589354453135 2.73502444180917
1.04 105 2.6368033433387295 2.790751504853456 2.7907514790131343
1.05 106 2.6902722106999684 2.8484084376255225 2.847350932459148
1.06 107 2.7445767407935877 2.904835051791807 2.9048350248951547
1.07 108 2.7997286314911722 2.9642971686923096 2.9632161401225545
1.08 109 2.8557397347227482 3.0225068530236774 3.0225068250374703
1.09 110 2.91262205842874 3.0838248669296995 3.0827197916972233
1.1 111 2.9703877685359914 3.143867948522204 3.143867919412282
1.11 112 3.0290491909581863 3.2070939136580425 3.2059642568640387
1.12 113 3.0886188136209105 3.2690220545174333 3.2690220242486756
1.1300000000000001 114 3.1491092885117027 3.3342094006002037 3.3330546154474887
1.1400000000000001 115 3.210533433755352 3.398075631687637 3.398075600223937
1.1500000000000001 116 3.2729042357147957 3.4652791989194482 3.4640987264477934
1.16 117 3.336234851117872 3.531137955042429 3.531137922346669
1.17 118 3.400538609210299 3.6004140299697243 3.5992072987853003
1.18 119 3.4658290139351355 3.668321185538853 3.6683211515728766
1.19 120 3.5321197461390987 3.739727537799998 3.738493963798798
1.2 121 3.5994246658060316 3.809740443472586 3.8097404081971717
1.21 122 3.667757814317849 3.8833363634552915 3.882075349540407
1.22 123 3.7371334167433155 3.955513883687438 3.9555138470622673
1.23 124 3.807565884154962 4.03136022111812 4.030071156910721
1.24 125 3.879069815974505 4.105762772647325 4.10576273463096
1.25 126 3.9516600023470985 4.183921976135043 4.182604237678941
1.26 127 4.025351426544775 4.2606115674159915 4.260611527965839
1.27 128 4.100159267399422 4.341147724974141 4.339800674433762
1.28 129 4.176098901765652 4.42018799659082 4.420187955663107
1.29 130 4.253185907013921 4.5031668771603 4.501789862511959
1.3 131 4.3314360635542855 4.584623143238168 4.584623100787904
1.31 132 4.410865357391128 4.670112239236343 4.668704593952637
1.32 133 4.491489982709248 4.754051529878833 4.754051485859787
1.33 134 4.573326344491706 4.842120100799148 4.840681143526335
1.34 135 4.656391061169781 4.928611205573393 4.928611159938051
1.35 136 4.7407009673054405 5.019330322661136 5.017859356889336
1.36 137 4.826273116306703 5.1084438351583605 5.108443787857901
1.37 138 4.913124783176317 5.201886427188644 5.200382740914704
1.3800000000000001 139 5.00127346729413 5.293694790685307 5.293694741669558
1.3900000000000001 140 5.090736895233556 5.389935690869988 5.388398556252848
1.4000000000000001 141 5.181533023612574 5.484513245116371 5.484513194333783
1.41 142 5.273680041979638 5.583629239167251 5.582057912175641
1.42 143 5.367196375734971 5.6810522683308315 5.681052215728436
1.43 144 5.462100689087592 5.783122143707138 5.781515863759448
1.44 145 5.558411888048598 5.883468925498738 5.883468871022111
1.45 146 5.6561491234610575 5.988573521867555 5.986931511463678
1.46 147 5.755331794066997 6.091924377878918 6.091924321472147
1.47 148 5.855979549611927 6.200146638817927 6.198468103162928
1.48 149 5.958112293987339 6.30658398610008 6.306583927705717
1.49 150 6.061750188411645 6.418009012072652 6.416293138692061
1.5 151 6.166913654650034 6.527617415985085 6.527617355544114
1.51 152 6.273623378273656 6.642332518618523 6.640578476965064
1.52 153 6.381900311958696 6.755198746979956 6.755198684431748
1.53 154 6.49176567882574 6.873293504678361 6.871500445729943
1.54 155 6.60324097581995 6.989506583250596 6.989506518532869
1.55 156 6.716347977132541 7.1110728981746405 7.1092399540234
1.56 157 6.831108737664051 7.230724167511751 7.230724100560526
1.57 158 6.947545596529887 7.355856323958379 7.3539826073905825
1.58 159 7.065681180608697 7.47903949765425 7.479039428403805
1.59 160 7.1855384081340326 7.6078342218701245 7.605918825936723
1.6 161 7.307140492329873 7.734645446238151 7.734645374620983
1.61 162 7.430510945090488 7.867201967701462 7.865243965279106
1.62 163 7.555673580705195 7.997739882921037 7.997739808867806
1.6300000000000001 164 7.682652519628572 8.134159997127117 8.132158440469388
1.6400000000000001 165 7.811472192296623 8.26852579989233 8.26852572333182
1.6500000000000001 166 7.942157342989476 8.408913932679399 8.406867852958069
1.6600000000000001 167 8.074733033741184 8.547211440386228 8.54721136124529
1.67 168 8.209224648297162 8.691674713838365 8.689583120674456
1.68 169 8.345657896119853 8.834010430347536 8.834010348551052
1.69 170 8.484058816443179 8.982658730313002 8.980520611297404
1.7 171 8.62445378237642 9.129141913326531 9.129141828797344
1.71 172 8.76686950505802 9.282087958590298 9.279902278793728
1.72 173 8.911333037860002 9.432830688680664 9.432830601339539
1.73 174 9.057871780643554 9.590190101831094 9.587955803303156
1.74 175 9.206513484066424 9.74530735316291 9.74530726292848
1.75 176 9.3572862539427 9.907198733193404 9.904914734450507
1.76 177 9.51021855565568 10.066808445978417 10.06680835276712
1.77 178 9.665339218624371 10.233353442665777 10.231018638167654
1.78 179 9.82267744082436 10.397576597392979 10.39757650111901
1.79 180 9.982262793363612 10.568899987495334 10.566513247109933
1.8 181 10.144125225113928 10.737860680978972 10.737860581554221
1.81 182 10.30829506739868 10.914090446297047 10.9116506147535
1.82 183 10.474803038737537 11.087915969586335 11.087915866920328
1.83 184 10.643680249648828 11.269183376932913 11.266689273262347
1.84 185 10.814958207510221 11.44800429512831 11.448004189128149
1.85 186 10.988668821478509 11.63444397825181 11.631894395215713
1.86 187 11.164844407469067 11.818394212273747 11.818394102844042
1.87 188 11.343517693195807 12.010144255782931 12.007537959288825
1.8800000000000001 189 11.5247218232723 12.199361166140033 12.199361053182855
1.8900000000000001 190 11.708490364374835 12.39656319147795 12.393898919982028
1.9000000000000001 191 11.894857310468092 12.591187664082849 12.591187547497642
1.9100000000000001 192 12.083857088094257 12.793986917599304 12.791263381495815
1.92 193 12.27552456172625 12.994163451681311 12.994163331364843
1.93 194 12.469895039185948 13.202708894854284 13.199924775851311
1.94 195 12.667004277128012 13.408585693019404 13.408585568865691
1.95 196 12.866888486590307 13.62303009487706 13.620184045358421
1.96 197 13.06958433861152 13.834759155366914 13.834759027267141
1.97 198 13.275128969916903 14.055259187163076 14.052349829536043
1.98 199 13.48355998867288 14.272996398365656 14.27299626620813
1.99 200 13.694915480311433 14.499712730562845 14.49673865659133
2.0 201 13.909234013424957 14.723617967829219 14.723617831499263
2.0100000000000002 202 14.126554645732591 14.956715369444673 14.953675139567604
2.02 203 14.346916930118702 15.186952594267 15.186952453646908
2.0300000000000002 204 14.570360920744575 15.426600034638371 15.423492177272895
2.04 205 14.79692717923398 15.663337396246023 15.663337251214953
2.05 206 15.026656780933726 15.90970814927485 15.90653116010402
2.06 207 15.259591321249822 16.15311808870663 16.15311793914055
2.07 208 15.495772922060395 16.406389839639008 16.403142180883673
2.08 209 15.735244238206167 16.656649196350955 16.656649042122545
2.09 210 15.978048464059388 16.91700415115623 16.91368425083067
2.1 211 16.224229340172247 17.174294272225886 17.17429411320446
2.11 212 16.47383116000561 17.44191926963569 17.438525520786744
2.12 213 16.72689877673916 17.7064261216251 17.706425957676522
2.13 214 16.983477610163764 17.981512747896502 17.978043507825728
2.14 215 17.243613653657214 18.253427031437713 18.253426862424305
2.15 216 17.50735348124411 18.53617173790575 18.532625327374326
2.16 217 17.774744254741236 18.815689005074134 18.815688830854594
2.17 218 18.04583373098901 19.10629322856055 19.102667930976438
2.18 219 18.32067026917038 19.393614003102805 19.3936138235321
2.19 220 18.59930283821808 19.692284289249404 19.688578349836497
2.2 221 18.881781024311252 19.98761418973458 19.987614004663865
2.21 222 19.168155038462608 20.294562319331245 20.29077394427997
2.22 223 19.458475724197104 20.59811218529492 20.59811199457144
2.23 224 19.752794565323253 20.913555303673967 20.909682659273024
2.24 225 20.051163693798237 21.225541324827248 21.225541128294232
2.25 226 20.35363589768786 21.549702074397484 21.545743286146283
2.2600000000000002 227 20.660264629222446 21.870345922974238 21.8703457204708
2.27 228 20.971104012949944 22.20345257896989 22.19940573067122
2.2800000000000002 229 21.286208853987272 22.53298154528732 22.532981336648362
2.29 230 21.605634646371144 22.875268154808698 22.871131287641212
2.3000000000000003 231 21.929437581509536 23.21391528611824 23.21391507117433
2.31 232 22.257674556734933 23.565621810542858 23.561392922112965
2.32 233 22.590403183960735 23.913626053250084 23.91362583182736
2.33 234 22.927681798441842 24.274998514094847 24.27067555746746
2.34 235 23.269569467640725 24.63260485942907 24.63260463134913
2.35 236 23.616126000200396 25.003895487745936 24.99947637045371
2.36 237 23.96741195502524 25.37135512096187 25.37135488604164
2.37 238 24.323488650471354 25.75282251035158 25.74830509338207
2.38 239 24.684418173647234 26.130392963547692 26.13039272159933
2.39 240 25.05026338982671 26.522302226877816 26.517684323638136
2.4 241 25.42108795197486 26.91024753551773 26.910247286348486
2.41 242 25.79695631038869 27.312870465433633 27.308149840692064
2.42 243 26.1779337224537 27.71146132865914 27.711461072071238
2.43 244 26.564086262517854 28.125076561978386 28.120250930782458
2.44 245 26.95548083188412 28.53459050680462 28.53459024259514
2.45 246 27.352185168923445 28.959483692887535 28.95455071945802
2.46 247 27.754267859308918 29.38020524237311 29.380204970333857
2.47 248 28.161798346373292 29.816669215564378 29.811626512164725
2.48 249 28.574846941590696 30.248890061051377 30.248889780968746
2.49 250 28.99348483518449 30.697225017289874 30.692070143070417
2.5 251 29.417784106862428 31.14124419481087 31.141243906465686
2.5100000000000002 252 29.847817736680817 31.60175787250705 31.596488332323613
2.52 253 30.283659616039134 32.05788194345868 32.0578816466261
2.5300000000000002 254 30.725384558806716 32.530889808741435 32.52550305194755
2.54 255 31.173068312582934 32.99943304492631 32.99943273937566
2.5500000000000003 256 31.626787570092638 33.48525848136333 33.47975190057568
2.56 257 32.086619980718304 33.9665430545045 33.96654273999911
2.57 258 32.552644162170644 34.465517557402926 34.45988848723923
2.58 259 33.02493971229923 34.95987373323759 34.95987340953469
2.59 260 33.50358722104464 35.47233710863407 35.46658282442304
2.6 261 33.98866828253429 35.98010344569582 35.98010311254633
2.61 262 34.48026550732307 36.50640401414755 36.50052173060997
2.62 263 34.9784625347809 37.0279275673488 37.027927224497226
2.63 264 35.483344045628705 37.56842237264017 37.562409242540774
2.64 265 35.994995774624826 38.10405890176932 38.10405854895356
2.65 266 36.51350452340327 38.659113924651045 38.65296703742035
2.66 267 37.03895817346613 39.20922810790141 39.20922774485258
2.67 268 37.571445699331306 39.77921848498203 39.77293486530754
2.68 269 38.1110571818381 40.344184137632475 40.344183764074785
2.69 270 38.657883821611996 40.929494385544885 40.92307099193091
2.7 271 39.212017952690736 41.50969468391487 41.5096942995654
2.71 272 39.77355305631366 42.11071892888335 42.10415265217889
2.72 273 40.342583774876076 42.70654663968799 42.70654624425655
2.73 274 40.919205926050694 43.32368885262439 43.316976514518096
2.74 275 41.50351651707824 43.93554656785803 43.93554616104695
2.75 276 42.095613759228875 44.56922080511842 44.56235915660028
2.7600000000000002 277 42.69559708243685 45.1975211825985 45.19752076410246
2.77 278 43.303567150110226 45.84815183253505 45.84113755232373
2.7800000000000002 279 43.919625874117756 46.49331784224077 46.4933174117466
2.79 280 44.54387642995503 47.161339877686665 47.15416957062189
2.8000000000000003 281 45.17642327209205 47.82380505403043 47.82380461121693
2.81 282 45.81737214950425 48.50966429085874 48.50233448625792
2.82 283 46.466830121389386 49.18987299103144 49.18987253556914
2.83 284 47.124905573072134 49.89402635293243 49.886533502910794
2.84 285 47.79170823209885 50.59243402146722 50.59243355301823
2.85 286 48.46734918452483 51.31534981109173 51.30769028884495
2.86 287 49.15194089139604 52.03242325079371 52.03242276901147
2.87 288 49.84559720542782 52.774581427414 52.76675152546278
2.88 289 50.548433387882824 53.510799076807615 53.51079858133669
2.89 290 51.26056612565075 54.27269154065031 54.26468746904576
2.9 291 51.982113548531665 55.028543758099055 55.02854324857493
2.91 292 52.713195246726244 55.81067464150868 55.80249252599796
2.92 293 53.4539322885343 56.586663996165825 56.58666347221465
2.93 294 54.20444723826509 57.38954996176114 57.38118584191208
2.94 295 54.96486417436108 58.186191531513515 58.186190992751875
2.95 296 55.735308707738184 59.01036207750253 59.00181190478675
2.96 297 56.51590800034473 59.82818375407375 59.82818320010847
2.97 298 57.30679078394213 60.67418152689739 60.66544116273062
2.98 299 58.10808737910925 61.51372432828033 61.51372375870816
2.99 300 58.91992971447384 62.38210544275848 62.37317065649739
3.0 301 59.74245134617301 63.24392383315094 63.24392324755839
3.0100000000000002 302 60.57578747754607 64.1352582003091 64.1261246672035
3.02 303 61.42007497906194 65.01992041773097 65.019919815694
3.0300000000000002 304 62.27545240848436 65.93479208048922 65.92545537958878
3.04 305 63.14206003127724 66.84288047226327 66.84287985334701
3.0500000000000003 306 64.02003984125349 67.78188794917446 67.77234356118878
3.06 307 64.90953558146973 68.71399931545717 68.71399867921572
3.0700000000000003 308 65.81069276537008 69.67775595268473 69.66799925779588
3.08 309 66.72365869818172 70.63450189823845 70.63450124421455
3.09 310 67.64858249856564 71.62363622996928 71.61366250559566
3.1 311 68.58561512052505 72.60564352437092 72.60564285209568
3.11 312 69.53490937557444 73.62079964186337 73.61060406037383
3.12 313 70.49661995517337 74.62871058834946 74.6287098973421
3.13 314 71.47090345342659 75.67054851782049 75.66012614419759
3.14 315 72.45791839005501 76.70502133097392 76.70502062074144
3.15 316 73.45782523363955 77.77421742053536 77.76356320998669
3.16 317 74.47078642514225 78.8359266130227 78.83592588305962
3.17 318 75.4969664017066 79.93317392888046 79.92228272439675
3.18 319 76.53653162074184 81.02281070745458 81.02280995724253
3.19 320 77.58965058429295 82.14881943959035 82.13768596944935
3.2 321 78.65649386370137 83.26709211057792 83.26709133958545
3.21 322 79.73723412455828 84.42258998813774 84.41120886335251
3.22 323 80.83204615195541 85.57022437263605 85.57022358031824
3.23 324 81.94110687603533 86.75595708925542 86.74432280096595
3.24 325 83.0645953978461 87.9336969482685 87.93369613406668
3.25 326 84.20269301550303 89.15042859756919 89.13853551437583
3.2600000000000002 327 85.35558325066165 90.35903606731867 90.35903523065997
3.27 328 86.5234518753047 91.6075495888178 91.59539195405559
3.2800000000000002 329 87.70648693884849 92.84780562646907 92.84780476676617
3.29 330 88.90487879557011 94.12890326214679 94.11647519109897
3.3000000000000003 331 90.11882013236173 95.40160810219716 95.40160721884791
3.31 332 91.3485059968135 96.71611186397492 96.70340734102456
3.3200000000000003 333 92.59413382563082 98.02208548555598 98.02208457794302
3.33 334 93.85590347338854 99.37083763394318 99.35785050966146
3.34 335 95.13401724162713 100.7109202392954 100.71091930678581
3.35 336 96.42867990829393 102.09478377346892 102.08150776163858
3.36 337 97.74009875753373 103.46983627785308 103.46983531979794
3.37 338 99.06848360983392 104.88969543743892 104.87612411201151
3.38 339 100.41404685252616 106.30059997075425 106.3005989864883
3.39 340 101.77700347065111 107.75736074958895 107.7434875415745
3.4 341 103.15757107818862 109.20502116997518 109.20502015881642
3.41 342 104.55596994965907 110.6996118421291 110.68543003641638
3.42 343 105.9724230520991 112.18495426183551 112.18495322308473
3.43 344 107.40715607741701 113.7183259201879 113.70382865229425
3.44 345 108.86039747513155 115.24229924399934 115.24229817693978
3.45 346 110.33237848549936 116.81542635166161 116.80060660441018
3.46 347 111.8233331730348 118.37900282817796 118.37900173207481
3.47 348 113.33349846042759 119.9928837830685 119.97773438319184
3.48 349 114.86311416286208 121.59705956914144 121.59705844324145
3.49 350 116.41242302274378 123.25271728202242 123.23723089669022
3.5 351 117.98167074483715 124.89851302066002 124.89851186419097
3.5100000000000002 352 119.57110603181992 126.5969955069536 126.58116464022358
3.52 353 121.18098062025847 128.28545691901112 128.28545573118146
3.5300000000000002 354 122.8115493170099 130.0278379047206 130.01165489391002
3.54 355 124.4630700360547 131.7600363947024 131.76003517470068
3.5500000000000003 356 126.13580383576647 133.54741593677093 133.53087294874777
3.56 357 127.83001495662197 135.32444921307723 135.32444796007164
3.5700000000000003 358 129.545970859359 137.15795433452433 137.14104336191573
3.58 359 131.2839422635849 138.98094704448295 138.98094575762084
3.59 360 133.04420318684313 140.86173238466787 140.84444524198435
3.6 361 134.82703098414157 142.73183676470057 142.73183544310803
3.61 362 136.63270638794904 144.6610852450687 144.64341356474202
3.62 363 138.46151354866538 146.57948178634862 146.57948042912966
3.63 364 140.3137400755698 148.55840529202587 148.540340520359
3.64 365 142.18967707825448 150.52630342199154 150.52630202822786
3.65 366 144.08961920854787 152.5561434996007 152.5376768926275
3.66 367 146.01386470293426 154.5747822797009 154.57478084845133
3.67 368 147.96271542547439 156.6568108517818 156.63793347103467
3.68 369 149.9364769112353 158.72745969183325 158.72745822213287
3.69 370 151.9354584102314 160.8629797882582 160.8436824964415
3.7 371 153.9599729318876 162.98693917780832 162.98693766866828
3.71 372 156.01033729002583 165.17728568459273 165.15755914116022
3.72 373 158.08687214838517 167.35588794168808 167.35588639209476
3.73 374 160.18990206667937 169.60242836760645 169.58226302424
3.74 375 162.31975554719816 171.83703840537686 171.8370368142914
3.75 376 164.47676508196 174.14117366680316 174.12055976279112
3.7600000000000002 377 166.6612672004224 176.43318977828108 176.43318814463856
3.77 378 168.8736025177542 178.7963550026827 178.77528256019548
3.7800000000000002 379 171.11411578368038 181.147209664288 181.1472079869971
3.79 380 173.38315593190168 183.57087501281194 183.54933383207228
3.8000000000000003 381 175.6810761301001 185.98203570694102 185.98203398488317
3.81 382 178.0082338305326 188.46770721654232 188.4456868708885
3.8200000000000003 383 180.3649908212243 190.94067727371194 190.9406755057407
3.83 384 182.75171327776476 193.4898977192835 193.46738755012217
3.84 385 185.16877181571664 196.02621718028894 196.0262153652293
3.85 386 187.6165415436425 198.64056695726396 198.61755606891137
3.86 387 190.0954021167572 201.24181345582383 201.24181159247163
3.87 388 192.60573779121455 203.92291148373153 203.8993887381396
3.88 389 195.14793747903343 206.59070115009987 206.59069923722086
3.89 390 197.72239480367313 209.34020579756847 209.31615980893343
3.9 391 200.32950815626282 212.0761941836086 212.0761922199379
3.91 392 202.96968075249654 214.89580421531872 214.87122334457027
3.92 393 205.64332069019676 217.70168724154345 217.70168522578476
3.93 394 208.3508410075593 220.59314278764862 220.56801513681611
3.94 395 211.09265974208296 223.47065771274325 223.47065564356816
3.95 396 213.86919999019577 226.4357412612854 226.41005466773896
3.96 397 216.68088996758348 229.38666767464264 229.38666555068957
3.97 398 219.5281630702291 232.42720508750295 232.4009471180663
3.98 399 222.41145793617204 235.45336592531032 235.45336374518405
3.99 400 225.33121850799637 238.57122747824894 238.54438542318132
4.0 401 228.28789409605295 241.67449006367093 241.6744878259535
4.01 402 231.28193944242994 244.87159151102023 244.8441523778767
4.0200000000000005 403 234.3138147856738 248.0538686191133 248.05386632232782
4.03 404 237.38398592627522 251.33217228370603 251.30412279101265
4.04 405 240.49292429292524 254.59542323146658 254.5954208741114
4.05 406 243.64110700955248 257.9569391203887 257.9282656912495
4.0600000000000005 407 246.82901696314985 261.3031708827683 261.3031684633047
4.07 408 250.05714287239866 264.749957829545 264.72064658505883
4.08 409 253.32597935710336 268.18122618185686 268.1812236987077
4.09 410 256.6360270084425 271.7153930156915 271.6854297682339
4.1 411 259.9877924600453 275.23380370310645 275.23380115465596
4.11 412 263.38178845990836 278.8575104458085 278.82688069216437
4.12 413 266.8185339431551 282.46522038055963 282.46521776515186
4.13 414 270.29855410565466 286.1806794718083 286.14936838615245
4.14 415 273.82238047850547 289.87989795875814 289.87989527469625
4.15 416 277.39055100339556 293.68937551037226 293.6573679370927
4.16 417 281.00361010884956 297.48236550160664 297.4823627471518
4.17 418 284.6621087873737 301.38818258149445 301.35546302785684
4.18 419 288.3666046735061 305.27726196062514 305.27725913399564
4.19 420 292.1176621227883 309.281795907117 309.24834853576556
4.2 421 295.9158522916611 313.26933880398957 313.26933590335966
4.21 422 299.76175321830596 317.3750245712595 317.3408331925512
4.22 423 303.65594990443134 321.4634627077816 321.4634597312806
4.23 424 307.5990343980237 325.6727942430937 325.6378423072624
4.24 425 311.5916058770704 329.86461831091145 329.86461525662213
4.25 426 315.63427073426783 334.1801499644299 334.1444205535753
4.26 427 319.7276426627235 338.4779110352012 338.4779079011596
4.2700000000000005 428 323.8723427426679 342.90225900313555 342.8657348230346
4.28 429 328.0689995291806 347.3085699721646 347.308566756358
4.29 430 332.31824914095426 351.84441377402186 351.8070771457575
4.3 431 336.6207353500955 356.3619508380365 356.3619475384026
4.3100000000000005 432 340.97710967298326 361.0120348287905 360.9738676801951
4.32 433 345.38803146219374 365.6435389986631 365.64353561308883
4.33 434 349.8541679995074 370.4106739166476 370.37165777355494
4.34 435 354.3761945900044 375.15895256587953 375.15894909220003
4.3500000000000005 436 358.9547946572689 380.04601711725337 380.006133094557
4.36 437 363.59065983970703 384.91394556706 384.91394200305695
4.37 438 368.2844900880016 389.92388804768984 389.88311684020164
4.38 439 373.0369937637053 394.9144111895444 394.91440753294484
4.39 440 377.8488877389944 400.0502511451922 400.0085730182986
4.4 441 382.720897497593 405.16638510170685 405.16638135018184
4.41 442 387.65375723688015 410.43121502740973 410.3886098075192
4.42 443 392.64820997119773 415.67604885244873 415.6760450036125
4.43 444 397.70500763637006 421.07303593201493 421.0294829967934
4.44 445 402.8249111954472 426.44973335096626 426.44972940237415
4.45 446 408.00869074569243 431.9821212375233 431.93759950591203
4.46 447 413.2571256268235 437.49392242865775 437.493918377805
4.47 448 418.5710045305224 443.16503306721467 443.1195209892273
4.48 449 423.9511256112319 448.81525648510814 448.8152523294286
4.49 450 429.3982965982484 454.6284919781149 454.5819675244056
4.5 451 434.91333490913297 460.42053622010445 460.4205319569691
4.51 452 440.49706776444964 466.3793807370145 466.3318213882156
4.5200000000000005 453 446.1503323038494 472.3167264537096 472.31672208042477
4.53 454 451.8739757035146 478.4247481855745 478.3761309213961
4.54 455 457.6688552949834 484.5109600364408 484.510955550247
4.55 456 463.53583868536134 490.7718131965916 490.72211448467954
4.5600000000000005 457 469.47580387894794 497.01054185167544 497.01053724974514
4.57 458 475.4896394002826 503.4279687235667 503.3771645081117
4.58 459 481.5782444186377 509.82295291242696 509.8229481918637
4.59 460 487.74252887396796 516.4007859457479 516.348851635842
4.6000000000000005 461 493.98341360433415 522.9558545547119 522.9558497125482
4.61 462 500.30183047482177 529.6980185108929 529.6449289686267
4.62 463 506.69872250797 536.4170927297542 536.4170877629501
4.63 464 513.1750440157252 543.3276068780217 543.2733364063171
4.64 465 519.7317607329448 550.2147023973495 550.2146973027901
4.65 466 526.3698499524596 557.2976827625143 557.2422050926859
4.66 467 533.0903006617192 564.3569120227447 564.3569067972396
4.67 468 539.8941136810405 571.6165736859269 571.5598619649672
4.68 469 546.7823018034701 578.8521481794561 578.8521428197364
4.69 470 553.7558899362872 586.2928076329922 586.2348344105742
4.7 471 560.8159152441601 593.7090402605073 593.7090347632244
4.71 472 567.9634272939805 601.3351178182938 601.2758550334842
4.72 473 575.1994882013934 608.9364253006075 608.9364196623308
4.73 474 582.5251727790383 616.7524475651896 616.6918665328661
4.74 475 589.9415686865271 624.5433529118785 624.5433471290938
4.75 476 597.449776582179 632.5539552995939 632.4920266965612
4.76 477 605.0509102765254 640.5390903357659 640.5390844048732
4.7700000000000005 478 612.7460968876161 648.7490196613163 648.6857135121122
4.78 479 620.536476998136 656.933127613866 656.9331215311773
4.79 480 628.423204814365 665.3472447356856 665.2825303980728
4.8 481 636.4074483269954 673.7351828804262 673.7351766421637
4.8100000000000005 482 644.490389473827 682.3584654082858 682.2923115584194
4.82 483 652.6732243043663 690.9552077793812 690.9552013816746
4.83 484 660.9571631463537 699.7927528456607 699.7251274629269
4.84 485 669.3434307742309 708.60339300881 708.6033864476948
4.8500000000000005 486 677.8332665795838 717.6604201049455 717.5912904564618
4.86 487 686.4279247435716 726.6901739958106 726.690167267226
4.87 488 695.1286744113775 735.9720278754161 735.9013605001894
4.88 489 703.9367998686945 745.2262367048152 745.226229804601
4.89 490 712.8536007202733 754.7383903550558 754.6661510477844
4.9 491 721.8803920705578 764.22252358248 764.2225165063751
4.91 492 731.0185047064299 773.9705812652702 773.8967350597887
4.92 493 740.2692852820906 783.6902396423163 783.6902323859555
4.93 494 749.6340965061015 793.6799400069838 793.604451159337
4.94 495 759.114317330608 803.640858692344 803.640851251256
4.95 496 768.7113431427724 813.8780779614208 813.8009099325647
4.96 497 778.4265859584496 824.0861297090815 824.0861220786863
4.97 498 788.2614746181146 834.5768849389301 834.4980003770437
4.98 499 798.217454985086 845.0380833613087 845.0380755369146
4.99 500 808.2959901460566 855.7885357793253 855.7078965017325
5.0 501 818.4985606139732 866.5090386870711 866.5090306638729
5.01 502 828.8266645332778 877.5254971072534 877.4430640819407
5.0200000000000005 503 839.2818178875491 888.5116099275236 888.5116017005987
5.03 504 849.8655547095618 899.8005342462288 899.7162675729537
5.04 505 860.5794272938062 911.0587135212446 911.0587050855509
5.05 506 871.4250064114807 922.6267182950062 922.5405771859831
5.0600000000000005 507 882.4038815279943 934.1635752627865 934.1635666131598
5.07 508 893.5176610230087 946.0174333701032 945.9293761302614
5.08 509 904.7679724130467 957.8397376292656 957.8397287604162
5.09 510 916.1564625766982 969.986384018318 969.8963680251201
5.1000000000000005 511 927.6847979824519 982.1010672789329 982.1010581854426
5.11 512 939.3546649191825 994.5476028032286 994.4555844860399
5.12 513 951.1677697293329 1006.9617627257055 1006.9617534020246
5.13 514 963.1258390448096 1019.7154580697038 1019.6213928887028
5.14 515 975.2306200256296 1032.4363621937864 1032.4363526342306
5.15 516 987.4838806013531 1045.504661890596 1045.4085043152154
5.16 517 999.8874097153252 1058.5397516565451 1058.539741855292
5.17 518 1012.4430175717737 1071.9302781998351 1071.831981686724
5.18 519 1025.1525358857805 1085.287173063957 1085.287163015044
5.19 520 1038.017818136168 1099.0077311162886 1098.9072480867844
5.2 521 1051.0407398213329 1112.6942327630074 1112.6942224603258
5.21 522 1064.223198718066 1126.7528134628083 1126.6500952799067
5.22 523 1077.5671151433808 1140.7769101155245 1140.7768995528195
5.23 524 1091.0744322193996 1155.1816954850294 1155.0766924298432
5.24 525 1104.7471161413196 1169.551566318071 1169.551555488935
5.25 526 1118.5871564485087 1184.3109337745482 1184.2035950222407
5.26 527 1132.596566298753 1199.0349534285635 1199.0349423264345
5.2700000000000005 528 1146.7773827457017 1214.1574804012637 1214.0477539964497
5.28 529 1161.131667019542 1229.2442236044676 1229.2442122226244
5.29 530 1175.6615048109445 1244.73869225972 1244.6265250913166
5.3 531 1190.3690065583185 1260.1969385574548 1260.1969268890132
5.3100000000000005 532 1205.2563077384057 1276.0723406344637 1275.957678409983
5.32 533 1220.3255691602578 1291.9110792295967 1291.911067267507
5.33 534 1235.5789772626472 1308.1766209894745 1308.0594082087446
5.34 535 1251.0187444149296 1324.4050556962125 1324.4050434332537
5.3500000000000005 536 1266.6471092214103 1341.0701629869213 1340.9503429152235
5.36 537 1282.466336829259 1357.6977173006785 1357.6977047294556
5.37 538 1298.4787192400042 1374.7720407405413 1374.6495553811471
5.38 539 1314.6865756246536 1391.8083630265626 1391.8083501395017
5.39 540 1331.0922526424836 1409.3017833091296 1409.1765733752304
5.4 541 1347.6981247635354 1426.756752112632 1426.7567389019769
5.41 542 1364.5065945948652 1444.6793854357043 1444.5513903217122
5.42 543 1381.5200932105943 1462.5631149163562 1462.5631013741618
5.43 544 1398.7410804857896 1480.9253185380599 1480.7944762902766
5.44 545 1416.17204543424 1499.248164031707 1499.2481501498376
5.45 546 1433.8155065501478 1518.060541956574 1517.9267892431997
5.46 547 1451.6740121538119 1536.8331056671418 1536.8330914372648
5.47 548 1469.7501407413163 1556.1065144652132 1555.9697865456942
5.48 549 1488.0465013382916 1575.3396512898505 1575.3396367034331
5.49 550 1506.5657338577885 1595.0852060518962 1594.9454367455874
5.5 551 1525.3105094623202 1614.7900295424129 1614.7900145907158
5.51 552 1544.2835309301008 1635.0191099744304 1634.8762316285638
5.5200000000000005 553 1563.4875330255543 1655.2069984382451 1655.2069831123179
5.53 554 1582.9252828741182 1675.9312550984723 1675.785198555409
5.54 555 1602.5995803414203 1696.6138578422626 1696.6138421329406
5.55 556 1622.513258416848 1717.8452185240162 1717.695913087773
5.5600000000000005 557 1642.6691836015823 1739.034462243437 1739.034446141333
5.57 558 1663.0702563011391 1760.7851385071615 1760.6325119091912
5.58 559 1683.7194112224788 1782.4932338259782 1782.4932173214802
5.59 560 1704.6196177757186 1804.7757276839723 1804.619706048185
5.6000000000000005 561 1725.7738804805256 1827.0151758461247 1827.015158929388
5.61 562 1747.185239377214 1849.8422866034896 1849.6827944104944
5.62 563 1768.8567704426418 1872.6258863215933 1872.6258689825368
5.63 564 1790.7915860109183 1896.0107175770308 1895.8476776275797
5.64 565 1812.9928351990072 1919.3515720409969 1919.3515542692971
5.65 566 1835.4637043372725 1943.3075388511688 1943.1408722287927
5.66 567 1858.2074174050208 1967.2190629006168 1967.2190446857014
5.67 568 1881.2272364711107 1991.7598991118514 1991.5895251446616
5.68 569 1904.5264621396689 2016.2558265761484 2016.2558079071905
5.69 570 1928.1084340009866 2041.3955923274068 2041.2214285490468
5.7 571 1951.9765310876455 2066.4899835372116 2066.4899644031248
5.71 572 1976.1341723359556 2092.2430729382454 2092.065035047975
5.72 573 2000.5848170527224 2117.9503224125424 2117.9503028019726
5.73 574 2025.3319653874623 2144.331471401352 2144.1494732232427
5.74 575 2050.3791588100717 2170.666315714045 2170.666295615367
5.75 576 2075.7299805940634 2197.6906100977567 2197.5045635389824
5.76 577 2101.388056305396 2224.6681359279974 2224.6681153293034
5.7700000000000005 578 2127.357054296985 2252.3510196114585 2252.1608346196535
5.78 579 2153.640686208936 2279.986671981962 2279.986650871062
5.79 580 2180.242707474611 2308.3439553883586 2308.1495399080304
5.8 581 2207.1669178325355 2336.6535460960786 2336.653524460488
5.8100000000000005 582 2234.4171618442692 2365.7014147840814 2365.502674712053
5.82 583 2261.9973294182582 2394.701131027702 2394.701108854636
5.83 584 2289.911356339796 2424.456154509642 2424.2529936495025
5.84 585 2318.163224807103 2454.162567718451 2454.1625449948187
5.8500000000000005 586 2346.756963973636 2484.641708484249 2484.4340284997934
5.86 587 2375.6966504966877 2515.07178335307 2515.0717600654652
5.87 588 2404.9864090923443 2546.292406104617 2546.080106472248
5.88 589 2434.6304130968806 2577.463509839569 2577.4634859742655
5.89 590 2464.6328850346645 2609.443390940518 2609.226368900589
5.9 591 2494.998097192639 2641.373302720503 2641.373278263445
5.91 592 2525.730372201473 2674.130639866387 2673.9087903734644
5.92 593 2556.8340836234524 2706.8375605252904 2706.8375354620844
5.93 594 2588.3136565471664 2740.3909826391264 2740.1641983111435
5.94 595 2620.1735681891096 2773.8935445738794 2773.8935188897867
5.95 596 2652.418348502239 2808.26212193246 2808.0302929987415
5.96 597 2685.052580791596 2842.579399242147 2842.579372922077
5.97 598 2718.080902337056 2877.782653838372 2877.5456680865013
5.98 599 2751.508005023296 2912.9341726998055 2912.9341457283053
5.99 600 2785.338635977054 2948.992088846516 2948.7498315680227
6.0 601 2819.5775982117884 2984.9978381316855 2984.9978104929323
6.01 602 2854.2297512797877 3021.9308733126027 3021.68322724744
6.0200000000000005 603 2889.3000119318517 3058.81131545368 3058.8112871314715
6.03 604 2924.793354784593 3096.6404114271645 3096.387256706948
6.04 605 2960.7148129954835 3134.4164935347144 3134.4164645124606
6.05 606 2997.0694789457248 3173.163087696209 3172.9043017862027
6.0600000000000005 607 3033.862504931006 3211.856252936569 3211.856223197284
6.07 608 3071.0991038602715 3251.5422899457053 3251.277747585507
6.08 609 3108.7845499625882 3291.1744891834383 3291.1744587097282
6.09 610 3146.924179502185 3331.8224328619444 3331.5520060048593
6.1000000000000005 611 3185.5233915017848 3372.4161365735968 3372.416105347652
6.11 612 3224.587648474282 3414.048982080271 3413.7725398313305
6.12 613 3264.1224771629268 3455.6271925456313 3455.627160549217
6.13 614 3304.1334692900587 3498.268478834798 3497.985887387404
6.140000000000001 615 3344.626282314509 3540.8547426121704 3540.8547098266154
6.15 616 3385.60664019775 3584.528565182173 3584.2396877533324
6.16 617 3427.0803341789606 3628.146985874152 3628.146952280339
6.17 618 3469.053223559009 3672.878009812607 3672.5827065767244
6.18 619 3511.531236493538 3717.5532611291637 3717.5532267075178
6.19 620 3554.5203707952214 3763.3667344618366 3763.0648624830324
6.2 621 3598.026694745277 3809.124073587532 3809.124038318012
6.21 622 3642.056347914426 3856.04584093784 3855.7372541007694
6.22 623 3686.615541993289 3902.911122210242 3902.911086072327
6.23 624 3731.7105616324275 3950.9676387766394 3950.652187715764
6.24 625 3777.34776529207 3998.9673276831327 3998.9672906558126
6.25 626 3823.5335861017093 4048.1856735416172 4047.8632055689113
6.26 627 3870.2745327296016 4097.346861041977 4097.346823103738
6.2700000000000005 628 3917.5771902623464 4147.754755781372 4147.425114812415
6.28 629 3965.448221094602 4198.105172963637 4198.105134092455
6.29 630 4013.8943658291596 4249.730990661217 4249.394017139645
6.3 631 4062.922444187345 4301.299023738578 4301.298983911903
6.3100000000000005 632 4112.539355930001 4354.171808284024 4353.8273391043
6.32 633 4162.7520817890745 4406.986513940609 4406.98647313535
6.33 634 4213.567684410028 4461.135994716237 4460.783863144705
6.34 635 4264.993309305096 4515.2271158098665 4515.227074002383
6.3500000000000005 636 4317.036185817583 4570.683723735488 4570.323759329662
6.36 637 4369.703628097282 4626.081705365661 4626.081662531749
6.37 638 4423.0030360872215 4682.8765893163645 4682.508617842439
6.38 639 4476.941896521756 4739.612595265909 4739.612551380791
6.390000000000001 640 4531.527783936224 4797.777638871542 4797.401482220051
6.4 641 4586.768361688254 4855.883568430591 4855.883523468895
6.41 642 4642.671382990887 4915.451407265596 4915.066883365204
6.42 643 4699.24469195764 4974.959912446701 4974.95986638245
6.43 644 4756.496224659613 5035.963951619482 5035.570874348862
6.44 645 4814.434010194842 5096.908454772939 5096.908407579539
6.45 646 4873.066171769972 5159.38288692388 5158.981066021615
6.46 647 4932.400927794471 5221.797598762466 5221.797550412692
6.47 648 4992.446592987422 5285.777422480097 5285.3666634526
6.48 649 5053.211579497162 5349.697360522777 5349.697310988749
6.49 650 5114.70439803377 5415.218399187737 5414.798503215099
6.5 651 5176.933659014741 5480.679406631879 5480.679355885059
6.51 652 5239.908073723786 5547.778327698556 5547.34909153832
6.5200000000000005 653 5303.63645548307 5614.817092730726 5614.817040741896
6.53 654 5368.127720838967 5683.531427456678 5683.09264334546
6.54 655 5433.390890761512 5752.18550301198 5752.185449751224
6.55 656 5499.435091857694 5822.553666645499 5822.1051221984235
6.5600000000000005 657 5566.269557598758 5892.8614906259745 5892.86143606267
6.57 658 5633.903629561653 5964.922803062351 5964.464281170256
6.58 659 5702.34675868486 6036.9237190249105 6036.923663127702
6.59 660 5771.608506538656 6110.7184259422265 6110.249704666571
6.6000000000000005 661 5841.698546610076 6184.452704267081 6184.452647003867
6.61 662 5912.626665602677 6260.0219987526225 6259.542851218064
6.62 663 5984.402764751339 6335.530858303177 6335.530799641098
6.63 664 6057.036861152184 6412.916902981765 6412.427097266345
6.640000000000001 665 6130.5390891079005 6490.2425332674875 6490.2424731729
6.65 666 6204.919701488504 6569.4884829433295 6568.987781966219
6.66 667 6280.189071107918 6648.674066797024 6648.6740052354835
6.67 668 6356.357692116309 6729.824091620939 6729.31225302768
6.68 669 6433.436181408566 6810.913828402484 6810.91376533873
6.69 670 6511.435280049001 6894.013137576624 6893.4899136218255
6.7 671 6590.365854712447 6977.052266915179 6977.0522023131125
6.71 672 6670.238899142056 7062.147132947624 7061.612270375048
6.72 673 6751.065535623827 7147.1819590348205 7147.181892857487
6.73 674 6832.857016478195 7234.319742556832 7233.772982476806
6.74 675 6915.624725568763 7321.3976590036455 7321.397591213209
6.75 676 6999.380179828509 7410.626834162384 7410.067911926496
6.76 677 7084.135030803505 7499.79634943268 7499.79627999041
6.7700000000000005 678 7169.901066214512 7591.166529872878 7590.5951749458745
6.78 679 7256.690211536483 7682.4772933069735 7682.477222173222
6.79 680 7344.514531596383 7776.039258754939 7775.455194583785
6.8 681 7433.38623218935 7869.542087196749 7869.542014330923
6.8100000000000005 682 7523.317661713509 7965.347810660791 7964.750754540801
6.82 683 7614.321312823603 8061.09471570253 8061.094641063076
6.83 684 7706.409824103762 8159.197391303821 8158.58705424183
6.84 685 7799.595981759426 8257.24160716247 8257.241530706848
6.8500000000000005 686 7893.8927213288935 8357.695678611104 8357.071765185581
6.86 687 7989.313129414453 8458.09169065125 8458.091612335913
6.87 688 8085.870445433623 8560.952880382121 8560.315088600182
6.88 689 8183.57806339042 8663.756454300048 8663.756374080416
6.890000000000001 690 8282.449533667124 8769.081793284047 8768.429814435276
6.9 691 8382.498564836642 8874.350004968339 8874.349922798774
6.91 692 8483.739025495775 8982.197863214149 8981.53138172118
6.92 693 8586.184946119583 9089.989129298416 9089.989045132203
6.93 694 8689.85052093714 9200.41924706108 9199.737940326842
6.94 695 8794.75010982883 9310.793356184764 9310.793269974076
6.95 696 8900.898240245546 9423.866875897114 9423.17041414869
6.96 697 9008.309609150008 9536.885020690654 9536.884932386534
6.97 698 9116.999084980376 9652.664519634403 9651.952565763408
6.98 699 9226.981709636513 9768.389329445577 9768.389238997905
6.99 700 9338.272700489091 9886.93885317904 9886.21106257845
7.0 701 9450.88745241188 10005.434427557384 10005.43433491486
7.01 702 9564.841539837387 10126.81952411729 10126.07554451465
7.0200000000000005 703 9680.150718836168 10248.1514670743 10248.151372184406
7.03 704 9796.830929220063 10372.439221969544 10371.678693256445
7.04 705 9914.898296669713 10496.67467703226 10496.674579841234
7.05 706 10034.369134886461 10623.933749047801 10623.156303105588
7.0600000000000005 707 10155.259947769124 10751.141435124386 10751.141335577197
7.07 708 10277.58743161568 10881.442092953985 10880.647353475575
7.08 709 10401.368477350476 11011.692341029664 11011.692239069976
7.09 710 10526.620172776911 11145.106500756552 11144.294083064293
7.1000000000000005 711 10653.35980485611 11278.47129143936 11278.471187009507
7.11 712 10781.604862011789 11415.072554884351 11414.242065743816
7.12 713 10911.373036461688 11551.625556819981 11551.625449860934
7.13 714 11042.682226575766 11691.489250777016 11690.640288206681
7.140000000000001 715 11175.55053926158 11831.305859953065 11831.305750404394
7.15 716 11309.996292377024 11974.509076332619 11973.641229409282
7.16 717 11446.038017170948 12117.66645629244 12117.666344092293
7.17 718 11583.694460751733 12264.2880931937 12263.400941853592
7.18 719 11722.98458858432 12410.865216181082 12410.865101266145
7.19 720 11863.927587015936 12560.986019914279 12560.079134749729
7.2 721 12006.542865830877 12711.063708970163 12711.063591275622
7.21 722 12150.85006083467 12864.766317050888 12863.839259102493
7.22 723 12296.86903646796 13018.427289084171 13018.42716854368
7.23 724 12444.619888450432 13175.796274222193 13174.848594766336
7.24 725 12594.122946455114 13333.12518407702 13333.125060622671
7.25 726 12745.398776813534 13494.247099182241 13493.278339513905
7.26 727 12898.468185251824 13655.3305847247 13655.33045828698
7.2700000000000005 728 13053.352219658418 13820.29400895398 13819.30370016471
7.28 729 13210.07217288343 13985.220737201716 13985.220607709469
7.29 730 13368.649585570387 14154.116323070162 14153.103985821122
7.3 731 13529.106249020311 14322.977037388866 14322.976904769264
7.3100000000000005 732 13691.464208088899 14495.89755897046 14494.862703260396
7.32 733 13855.745764116835 14668.785127361816 14668.7849915403
7.33 734 14021.973477893953 14845.825529604053 14844.76765453213
7.34 735 14190.170172657328 15022.834994110272 15022.834855010527
7.3500000000000005 736 14360.358937123883 15204.09244328883 15203.011036812184
7.36 737 14532.563128557766 15385.321070539418 15385.32092808333
7.37 738 14706.80637587313 15570.89500587869 15569.789544564588
7.38 739 14883.112582772384 15756.442338805815 15756.442192913437
7.390000000000001 740 15061.50593092065 15946.434525292534 15945.304474064995
7.4 741 15242.010883156508 16136.402436041773 16136.40228663126
7.41 742 15424.65218673984 16330.917018458724 16329.761830339565
7.42 743 15609.454876636832 16525.409762522802 16525.40960951039
7.43 744 15796.444278842744 16724.553320731146 16723.37243657519
7.44 745 15985.64601374289 16923.67759233472 16923.67743563465
7.45 746 16177.085999512106 17127.55919783322 17126.352046057684
7.46 747 16370.790455553433 17331.424186597447 17331.424026121967
7.47 748 16566.785905976125 17540.15546038826 17538.92145669608
7.48 749 16765.099183113718 17748.87290930483 17748.8727449641
7.49 750 16965.75743108233 17962.56808109574 17961.306628192753
7.5 751 17168.788109380108 18176.25234584005 18176.252177542116
7.51 752 17374.218996527678 18395.028314613926 18393.738801919782
7.5200000000000005 753 17582.0781937506 18613.79642422871 18613.79625187946
7.53 754 17792.394128704 18837.772820211627 18836.454623564216
7.54 755 18005.195559240048 19061.744539192016 19061.74436269511
7.55 756 18220.511577218622 19291.043787252158 19289.696268605523
7.5600000000000005 757 18438.371612361698 19520.34167906494 19520.341498321784
7.57 758 18658.805436151983 19755.08906357517 19753.711570690677
7.58 759 18881.843165776387 19989.838555644677 19989.838370554346
7.59 760 19107.51526811467 20230.16228684244 20228.754152973066
7.6000000000000005 761 19335.852563773842 20470.49173703729 20470.491547496487
7.61 762 19566.886231168897 20716.523018916232 20715.08356248385
7.62 763 19800.64781065042 20962.563783570928 20962.563589473924
7.63 764 20037.16920867947 21214.436883339444 21212.965407604905
7.640000000000001 765 20276.482702050474 21466.323386846605 21466.32318808518
7.65 766 20518.62094216233 21724.175705989277 21722.671498715194
7.66 767 20763.61695933894 21982.045511998087 21982.04530846148
7.67 768 21011.504167198847 22246.01765897691 22244.479992082892
7.68 769 21262.31636707527 22510.01154323521 22510.011334810046
7.69 770 21516.08775248689 22780.247407868217 22778.67553707846
7.7 771 21772.852913659524 23050.50943274554 23050.509219315787
7.71 772 22032.646842100283 23327.15626230126 23325.54942678431
7.72 773 22295.504935223613 23603.83385303174 23603.833634478637
7.73 774 22561.463001030756 23887.04233007927 23885.39975207976
7.74 775 22830.55726284263 24170.286352763804 24170.286128965796
7.75 776 23102.824364087246 24460.2106748182 24458.531559280374
7.76 777 23378.301373141803 24750.17551622632 24750.175287058984
7.7700000000000005 778 23657.025788230403 25046.973477231237 25045.25701141415
7.78 779 23939.035542377846 25343.817126444 25343.816891780007
7.79 780 24224.36900842035 25647.65020013307 25645.89555321717
7.8 781 24513.065004073665 25951.53433206926 25951.534091778274
7.8100000000000005 782 24805.162797059194 26262.56775725003 26260.77407993505
7.82 783 25100.702110288945 26573.657818118947 26573.657572067586
7.83 784 25399.72312711003 26892.060685922825 26890.227110016673
7.84 785 25702.266496609074 27210.525980647857 27210.52572869959
7.8500000000000005 786 26008.37333897765 27536.47132379189 27534.59696179043
7.86 787 26318.08525093884 27862.485105450163 27862.484847465268
7.87 788 26631.444311236548 28196.149989556146 28194.233934213604
7.88 789 26948.493086187194 28529.889550880504 28529.889286715967
7.890000000000001 790 27269.274635295318 28871.455167899298 28869.49649178917
7.9 791 27593.83251693337 29213.101934889997 29213.10166439944
7.91 792 27922.210794086866 29562.753698678716 29560.751453744826
7.92 793 28254.454040164965 29912.493326373227 29912.493049406858
7.930000000000001 794 28590.607344877953 30270.420970475392 30268.374187573034
7.94 795 28930.71632018189 30628.44344092586 30628.443157330352
7.95 796 29274.827106291457 30994.841118604323 30992.748807031156
7.96 797 29622.986377761656 31361.340841113364 31361.340550731795
7.97 798 29975.241349639065 31736.407227688447 31734.268374704985
7.98 799 30331.639783683815 32111.583141355146 32111.58284402692
7.99 800 30692.229994662477 32495.52153890023 32493.33510923962
8.0 801 31057.060856713397 32879.57721753238 32879.57691308988
8.01 802 31426.18180978472 33272.59566198149 33270.36059734514
8.02 803 31799.642866146103 33665.739421409344 33665.73910968752
8.03 804 32177.49461697514 34068.050792131675 34065.766010686806
8.040000000000001 805 32559.78823901928 34470.49580002667 34470.49548085335
8.05 806 32946.57550133351 34882.317931925085 34879.98232777137
8.06 807 33337.90877209608 35294.282320115686 35294.281993314675
8.07 808 33733.84102550146 35715.83811830668 35713.45056094418
8.08 809 34134.42584873263 36137.54509769862 36137.54476308956
8.09 810 34539.717449013035 36569.062654833106 36566.621988615065
8.1 811 34949.77066073932 37000.74063297268 37000.74029037101
8.11 812 35364.640952695845 37442.4533492582 37439.95839283168
8.120000000000001 813 35784.38443535158 37884.33605060375 37884.3356998206
8.13 814 36209.057868240416 38336.48275658995 38333.93230232404
8.14 815 36638.71866742657 38788.80934555261 38788.808986394644
8.15 816 37073.42491305471 39251.63442774341 39249.02724114471
8.16 817 37513.23535698683 39714.64963456198 39714.64926683136
8.17 818 37958.209430526585 40188.403163919254 40185.737983034276
8.18 819 38408.40725223184 40662.35741343256 40662.35703692682
8.19 820 38863.88963581668 41147.295276837496 41144.57081164194
8.2 821 39324.71809814407 41632.44482022197 41632.444434733865
8.21 822 39790.95486730958 42128.82885496216 42126.04378673646
8.22 823 40262.66289081765 42625.4359045019 42625.43550981937
8.23 824 40739.90584385201 43133.5340358529 43130.68701654391
8.24 825 41222.74813763989 43641.86690281217 43641.8664987182
8.25 826 41711.25492791235 44161.95328478565 44159.042936354206
8.26 827 42205.49212346139 44682.28652045461 44682.28610672705
8.27 828 42705.52639479489 45214.641679784196 45211.666593538015
8.28 829 43211.42518289049 45747.25621977072 45747.25579618227
8.290000000000001 830 43723.25670804977 46292.16720321083 46289.125939122765
8.3 831 44241.08997885333 46837.35051505296 46837.35008137097
8.31 832 44764.99480121887 47395.11104006572 47392.0021260767
8.32 833 45295.04178756237 47953.15727424058 47953.15683022697
8.33 834 45831.30236606431 48524.06788314963 48520.88981445614
8.34 835 46373.848790041615 49095.27802755687 49095.27757296802
8.35 836 46922.75414742701 49679.64624524595 49676.39748357168
8.36 837 47478.09237035666 50264.32828324525 50264.32781783179
8.370000000000001 838 48039.93824486758 50862.468778484035 50859.14775133528
8.38 839 48608.367420705355 51460.93785056805 51460.937374074805
8.39 840 49183.45642124489 52073.17260104729 52069.77770095187
8.4 841 49765.28265352406 52685.75117023343 52685.75068239924
8.41 842 50353.924418391834 53312.40963139583 53308.939215125014
8.42 843 50949.460920772915 53939.42765242201 53939.427152979624
8.43 844 51551.97228004952 54580.84693017392 54577.29931794703
8.44 845 52161.53954056163 55222.64202258547 55222.6415112614
8.45 846 52778.244682227545 55879.167049979646 55875.54052465102
8.46 847 53402.17063128592 56536.0846751965 56536.08415171083
8.47 848 54033.40127115972 57208.068393176356 57204.36119940423
8.48 849 54672.021453445705 57880.462035631244 57880.46149969754
8.49 850 55318.11700902856 58568.26557792962 58564.47592132643
8.5 851 55971.77475932198 59256.496930371904 59256.49638169707
8.51 852 56633.08252763875 59960.489812659514 59956.615858923426
8.52 853 57302.12915069044 60664.92896571805 60664.92840400208
8.53 854 57979.004490218445 61385.489279098925 61381.52915312597
8.540000000000001 855 58663.79944475816 62106.51491520314 62106.51434013908
8.55 856 59356.60596153693 62844.02952415649 62839.98130913291
8.56 857 60057.51704850913 63582.02911591419 63582.028527187875
8.57 858 60766.62678652752 64336.89386078458 64332.755597259136
8.58 859 61484.03034165421 65092.26387392031 65092.263271210235
8.59 860 62209.82397761223 65864.88377806016 65860.6534629956
8.6 861 62944.10506837921 66638.02987901619 66638.02926199339
8.61 862 63686.97211092494 67428.81936068718 67424.49494649078
8.620000000000001 863 64438.52473809476 68220.15662899581 68220.15599732359
8.63 864 65198.86373163894 69029.53971813802 69025.11911167052
8.64 865 65968.09103539272 69839.49286367292 69839.49221700674
8.65 866 66746.30976860525 70667.90342365304 70663.38448521539
8.66 867 67533.62423942145 71496.90700887334 71496.90634686065
8.67 868 68330.13995851766 72344.78896332611 72340.16950562393
8.68 869 69135.96365289304 73193.28763062479 73193.28695290476
8.69 870 69951.20327981866 74061.09519550385 74056.37298258864
8.700000000000001 871 70775.96804094546 74929.54389977976 74929.54320598321
8.71 872 71610.36839657293 75817.74182073762 75812.91456692453
8.72 873 72454.51608008248 76706.60606730837 76706.60535705741
8.73 874 73308.5241125331 77615.66986252676 77610.7352312883
8.74 875 74172.50681742553 78525.42595050763 78525.42522341563
8.75 876 75046.57983563411 79455.8421591035 79450.79776193848
8.76 877 75930.86014050926 80386.97743037404 80386.97668604537
8.77 878 76825.46605315234 81339.24386650838 81334.0872617859
8.78 879 77730.51725786501 82292.25696039714 82292.25619842685
8.790000000000001 880 78646.13481777471 83266.8829732173 83261.61166499498
8.8 881 79572.44119063803 84242.28408703426 84242.28330700804
8.81 882 80509.560244826 85239.79082658248 85234.40226339822
8.82 883 81457.61727548992 86238.10198213327 86238.10118362715
8.83 884 82416.7390209126 87259.02267135977 87253.51424499691
8.84 885 83387.05367904651 88280.77798757862 88280.7771701587
8.85 886 84368.69092423965 89325.65820059607 89320.02724482087
8.86 887 85361.78192415317 90371.4041724371 90371.40333565944
8.870000000000001 888 86366.45935687172 91440.80211916161 91435.04590843272
8.88 889 87382.85742820837 92511.09790289204 92511.09704630225
8.89 890 88411.1118892084 93605.58472021468 93599.70046836392
8.9 891 89451.36005385137 94701.00242525594 94701.0015483891
8.91 892 90503.74081695589 95821.16247489677 95815.14733378054
8.92 893 91568.39467228821 96942.28746236351 96942.28656474393
8.93 894 92645.46373087783 98088.71863555771 98082.56969367847
8.94 895 93735.09173954168 99236.14982364776 99236.14890478857
8.950000000000001 896 94837.42409961988 100409.46385282243 100403.17813391937
8.96 897 95952.60788592411 101583.81402921438 101583.81308861743
8.97 898 97080.79186590448 102784.63680681397 102778.21126842246
8.98 899 98222.12651903229 103986.53294823263 103986.53198538814
8.99 900 99376.7640564054 105215.5048528592 105208.93638483819
9.0 901 100544.8584405768 106445.58845197257 106445.58746635888
9.01 902 101726.56540560938 107703.36468200438 107696.65010503092
9.02 903 102922.042477359 108962.29208182005 108962.29107290342
9.03 904 104131.4489939893 110249.54299668212 110242.67906071262
9.040000000000001 905 105354.9461267205 111537.98573261457 111537.98469984876
9.05 906 106592.69690081348 112855.39720187502 112848.38058457203
9.06 907 107844.86621679539 114174.04235165787 114174.04129448396
9.07 908 109111.62087192532 115522.31611212908 115515.14341725316
9.08 909 110393.12958190506 116871.86665375464 116871.86557160073
9.09 910 111689.56300283808 118251.72067478186 118244.38843054784
9.1 911 113001.0937534383 119632.89585264758 119632.8947449284
9.11 912 114327.89643749151 121045.06470977252 121037.56936716905
9.120000000000001 913 115670.1476665742 122458.60040922464 122458.59927534134
9.13 914 117028.02608302938 123903.83566641496 123896.17359748652
9.14 915 118401.71238320664 125350.48479687952 125350.48363621937
9.15 916 119791.38934096473 126829.55539751996 126821.722893611
9.16 917 121197.24183144371 128310.08828441991 128310.08709635583
9.17 918 122619.4568551069 129823.78095126532 129815.7742212252
9.18 919 124058.22356205757 131338.98573692085 131338.98452081124
9.19 920 125513.73327663195 132888.10538121595 132879.92054956374
9.200000000000001 921 126986.17952227384 134438.78843493617 134438.7871901245
9.21 922 128475.75804669001 136024.15857491098 136015.7916799598
9.22 923 129982.66684729572 137611.14491248492 137611.14363829937
9.23 924 131507.10619694748 139233.6081014402 139225.05509337955
9.24 925 133049.2786699697 140857.74181424477 140857.740509998
9.25 926 134609.38916847814 142518.16007844656 142509.41681738218
9.26 927 136187.6449490034 144180.30477238708 144180.3034373756
9.27 928 137784.25564941682 145879.5600589943 145870.62231294435
9.28 929 139399.43331616386 147580.59930350512 147580.5979370092
9.290000000000001 930 141033.39243180794 149319.59393875947 149310.45738160604
9.3 931 142686.349942886 151060.43172609352 151060.43032737673
9.31 932 144358.5252880849 152840.0888840042 152830.74909339947
9.32 933 146050.14042673522 154621.65009904644 154621.64866735518
9.33 934 147761.41986763166 156442.91428081397 156433.3667360396
9.34 935 149492.5906981808 158266.1451816589 158266.1437162221
9.35 936 151243.88261388094 160129.98270607708 160120.22278585614
9.36 937 153015.52794813816 161995.85141561637 161995.84991564509
9.370000000000001 938 154807.761702421 163903.25092070762 163893.27390096767
9.38 939 156620.82157675864 165812.74792947905 165812.74639416585
9.39 940 158454.94800058787 167764.7208856162 167754.52193720278
9.4 941 160310.38416394903 169718.85956617107 169718.85799468996
9.41 942 162187.3760490384 171716.44080095246 171706.01498729168
9.42 943 164086.1724621199 173716.2579340043 173716.25632550998
9.43 944 166007.02506579916 175760.5061691444 175749.8484438535
9.44 945 167950.1884116662 177807.06248176814 177807.06083539577
9.450000000000001 946 169915.91997330927 179899.06088228273 179888.16608672732
9.46 947 171904.4801797028 181993.44159843907 181993.43991330365
9.47 948 173916.13244897904 184134.2983344017 184123.16119519906
9.48 949 175951.14322258107 186277.61373806838 186277.61201326438
9.49 950 178009.78199980492 188468.46255923054 188457.0776856972
9.5 951 180092.32137273625 190661.8485704277 190661.84680502873
9.51 952 182199.03706158308 192903.84939398896 192892.21127553127
9.52 953 184330.20795041218 195148.4681579935 195148.4663510515
9.53 954 186486.11612329044 197442.80766982725 197430.91067327422
9.540000000000001 955 188667.04690083896 199739.84815987697 199739.8463104219
9.55 956 190873.2888772017 202087.7404295164 202075.57879639303
9.56 957 193105.13395743686 204438.41906330967 204438.41717034904
9.57 958 195362.8773953315 206841.1061730082 206828.67401674832
9.58 959 197646.81783164814 209246.66744331951 209246.66550583777
9.59 960 199957.25733280496 211705.42013150698 211692.71143460408
9.6 961 202294.50142999747 214167.13725123327 214167.13526819137
9.61 962 204658.85915876454 216683.25557069588 216670.26418179012
9.620000000000001 963 207050.64309900542 219202.43113266816 219202.42910300288
9.63 964 209470.16941544926 221777.24512378842 221763.9647546896
9.64 965 211917.75789858913 224355.21177568156 224355.20969830497
9.65 966 214393.7320060794 226990.082155081 226976.50637772467
9.66 967 216898.41890460276 229628.20328977218 229628.20116357136
9.67 968 219432.14951221598 232324.52215470915 232310.6443980454
9.68 969 221995.25854117618 235024.19261642924 235024.1904402652
9.69 970 224588.08454125395 237783.38416530995 237769.1977121228
9.700000000000001 971 227210.96994353936 240546.0309719545 240546.02874466195
9.71 972 229864.2611047459 243369.55224132544 243355.0502249815
9.72 973 232548.30835201932 246196.63532328908 246196.63304367586
9.73 974 235263.46602825454 249085.9769416865 249071.1523428113
9.74 975 238010.09253792913 251978.98989760407 251978.98756445013
9.75 976 240788.5503934566 254935.67685664434 254920.52249972508
9.76 977 243599.20626206833 257896.14772641583 257896.14533847303
9.77 978 246442.43101322773 260921.74016952064 260906.2487194325
9.78 979 249318.59976658336 263951.2322250204 263951.2297810117
9.790000000000001 980 252228.0919404679 267047.3262541784 267031.49021263473
9.8 981 255171.29130094638 270147.4388080499 270147.43630666845
9.81 982 258148.586011427 273315.66730902344 273299.4790109458
9.82 983 261160.36868282975 276488.03654197074 276488.0339818797
9.83 984 264207.03642432974 279730.07002837566 279713.5216381844
9.84 985 267288.9908946756 282976.3698353752 282976.36721520673
9.85 986 270406.63835409115 286293.91731205344 286277.0008198746
9.86 987 273560.38971676806 289615.86016791646 289615.85748627066
9.870000000000001 988 276750.6606039547 293010.6700140497 292993.3772318379
9.88 989 279977.87139764574 296410.00785877573 296410.00511422084
9.89 990 283242.4472948883 299883.86873118323 299866.191288759
9.9 991 286544.8183626989 303362.39387555775 303362.3910666285
9.91 992 289885.4195936074 306917.1356326475 306899.0649736456
9.92 993 293264.6909618324 310476.6816845428 310476.6788097402
9.93 994 296683.0774800936 314114.17633137526 314095.703709103
9.94 995 300141.02925707184 317756.6191432283 317756.6162010183
9.950000000000001 996 303639.0015555198 321478.78179818275 321459.8982713865
9.96 997 307177.45485103276 325206.04043613095 325206.03742494434
9.97 998 310756.85489149205 329014.8303196601 328995.5267481975
9.98 999 314377.672757177 332828.8680548306 332828.86497306183
9.99 1000 318040.38492156396 336726.28950081515 336706.5565412312
10.0 1001 321745.47331281623 340629.1148232701 340629.11166927643
