0.01 0.003913643608910343
0.02 0.006608839923386875
0.03 0.009298088728015668
0.04 0.011978969880391412
0.05 0.014649070768431013
0.06 0.017305988481561636
0.07 0.019947331973178037
0.08 0.022570724212423086
0.09 0.025173804323355142
0.1 0.027754229709576993
0.11 0.03030967816241452
0.12 0.032837849950747774
0.13 0.035336469890613745
0.14 0.03780328939271831
0.15 0.04023608848601492
0.16 0.04263267781552861
0.17 0.044990900612627754
0.18 0.04730863463597021
0.19 0.04958379408137734
0.2 0.051814331458916923
0.21 0.053998239435505926
0.22 0.056133552641374804
0.23 0.05821834943876757
0.24 0.06025075365128614
0.25 0.062228936252322425
0.26 0.0641511170110588
0.27 0.06601556609455572
0.28 0.06782060562448457
0.29 0.06956461118710491
0.3 0.07124601329512728
0.31 0.07286329880014564
0.32 0.074415012254369
0.33 0.07589975722042606
0.34 0.07731619752806466
0.35000000000000003 0.07866305847661478
0.36 0.07993912798213308
0.37 0.08114325766819674
0.38 0.08227436389936461
0.39 0.083331428756376
0.4 0.08431350095220937
0.41000000000000003 0.0852196966881763
0.42 0.08604920044928085
0.43 0.08680126573812784
0.44 0.08747521574672017
0.45 0.08807044396554038
0.46 0.08858641472936823
0.47000000000000003 0.08902266369934327
0.48 0.08937879828083842
0.49 0.08965449797676872
0.5 0.08984951467601698
0.51 0.08996367287671714
0.52 0.08999686984419399
0.53 0.08994907570341754
0.54 0.08982033346588848
0.55 0.08961075899093075
0.56 0.08932054088142595
0.5700000000000001 0.08894994031408351
0.58 0.08849929080439925
0.59 0.08796899790651394
0.6 0.087359538848242
0.61 0.08667146210159861
0.62 0.08590538688921197
0.63 0.0850620026270647
0.64 0.08414206830406598
0.65 0.08314641179901286
0.66 0.08207592913555503
0.67 0.08093158367583422
0.68 0.07971440525352318
0.6900000000000001 0.0784254892470449
0.7000000000000001 0.077065995593806
0.71 0.07563714774633133
0.72 0.07414023157123927
0.73 0.07257659419204858
0.74 0.0709476427768582
0.75 0.06925484327199086
0.76 0.06749971908274041
0.77 0.06568384970240984
0.78 0.06380886929087395
0.79 0.061876465203945755
0.8 0.05988837647487011
0.81 0.057846392249311214
0.8200000000000001 0.05575235017524228
0.8300000000000001 0.05360813474918636
0.84 0.05141567562029675
0.85 0.049176945853802834
0.86 0.04689396015538475
0.87 0.04456877305807418
0.88 0.042203477073313275
0.89 0.03980020080783563
0.9 0.03736110704806389
0.91 0.03488839081374797
0.92 0.0323842773825954
0.93 0.029851020287671642
0.9400000000000001 0.0272908992893724
0.9500000000000001 0.024706218323793168
0.96 0.022099303429342257
0.97 0.019472500653463138
0.98 0.016828173941350263
0.99 0.014168703008557845
1.0 0.011496481199416495
1.01 0.008813913333184858
1.02 0.0061234135398746566
1.03 0.0034274030876965825
1.04 7.283082040823494E-4
1.05 -0.0019714421077562288
1.06 -0.004669418254766177
1.07 -0.007363192240523111
1.08 -0.010050339850264142
1.09 -0.012728442832517521
1.1 -0.015395091075365753
1.11 -0.01804788477538363
1.12 -0.020684436597299335
1.1300000000000001 -0.023302373822435055
1.1400000000000001 -0.025899340483993633
1.1500000000000001 -0.02847299948726965
1.16 -0.03102103471287688
1.17 -0.033541153101099605
1.18 -0.03603108671549125
1.19 -0.03848859478386435
1.2 -0.04091146571483418
1.21 -0.04329751908810175
1.22 -0.04564460761668489
1.23 -0.0479506190793316
1.24 -0.050213478221376596
1.25 -0.05243114862233046
1.26 -0.054601634528520585
1.27 -0.0567229826491348
1.28 -0.05879328391405127
1.29 -0.06081067519187269
1.3 -0.06277334096661887
1.31 -0.06467951497156849
1.32 -0.06652748177877998
1.33 -0.0683155783428609
1.34 -0.07004219549759641
1.35 -0.07170577940409047
1.36 -0.07330483294911574
1.37 -0.0748379170924146
1.3800000000000001 -0.07630365216173814
1.3900000000000001 -0.07770071909445814
1.4000000000000001 -0.07902786062463431
1.41 -0.08028388241446885
1.42 -0.08146765412912987
1.43 -0.08257811045397638
1.44 -0.08361425205326954
1.45 -0.08457514646950746
1.46 -0.08545992896257394
1.47 -0.08626780328794627
1.48 -0.08699804241326146
1.49 -0.08764998917259642
1.5 -0.08822305685787282
1.51 -0.08871672974685482
1.52 -0.08913056356726427
1.53 -0.08946418589659574
1.54 -0.08971729649727166
1.55 -0.08988966758683586
1.56 -0.08998114404294245
1.57 -0.08999164354295541
1.58 -0.08992115663803342
1.59 -0.08976974676163317
1.6 -0.0895375501724236
1.61 -0.08922477583166216
1.62 -0.08883170521514393
1.6300000000000001 -0.08835869205989227
1.6400000000000001 -0.08780616204581951
1.6500000000000001 -0.08717461241264364
1.6600000000000001 -0.0864646115124062
1.67 -0.08567679829799381
1.68 -0.0848118817481236
1.69 -0.08387064022931034
1.7 -0.0828539207953891
1.71 -0.08176263842522388
1.72 -0.08059777519928848
1.73 -0.07936037941586035
1.74 -0.07805156464762285
1.75 -0.07667250873952505
1.76 -0.07522445274880075
1.77 -0.07370869982810078
1.78 -0.07212661405274348
1.79 -0.07047961919313912
1.8 -0.06876919743349251
1.81 -0.06699688803793732
1.82 -0.06516428596530227
1.83 -0.06327304043375578
1.84 -0.06132485343662104
1.85 -0.059321478210696756
1.86 -0.057264717658462486
1.87 -0.0551564227255881
1.8800000000000001 -0.05299849073520752
1.8900000000000001 -0.050792863680456046
1.9000000000000001 -0.04854152647680764
1.9100000000000001 -0.04624650517578481
1.92 -0.043909865141649296
1.93 -0.04153370919271323
1.94 -0.03912017570894499
1.95 -0.03667143670757132
1.96 -0.034189695888408596
1.97 -0.03167718665068151
1.98 -0.029136170083114768
1.99 -0.026568932929105726
2.0 -0.02397778552880963
2.0100000000000002 -0.02136505973998954
2.02 -0.018733106839501835
2.0300000000000002 -0.01608429540730524
2.04 -0.013421009194899558
2.05 -0.010745644980109409
2.06 -0.008060610410146305
2.07 -0.005368321834889084
2.08 -0.0026712021323311956
2.09 2.8321471844936375E-5
2.1 0.0027278195886081564
2.11 0.005424862851863821
2.12 0.008117024104720184
2.13 0.010801880583764871
2.14 0.01347701609938937
2.15 0.01614002321019558
2.16 0.018788505389531616
2.17 0.021420079182203025
2.18 0.02403237634942252
2.19 0.026623046000064175
2.2 0.029189756706307583
2.21 0.03173019860176467
2.22 0.03424208546020444
2.23 0.036723156753001335
2.24 0.03917117968345936
2.25 0.04158395119617747
2.2600000000000002 0.043959299959651615
2.27 0.04629508832032571
2.2800000000000002 0.04858921422633633
2.29 0.05083961311921671
2.3000000000000003 0.05304425979186085
2.31 0.05520117021107233
2.32 0.05730840330306105
2.33 0.05936406270027828
2.34 0.061366298448019205
2.35 0.06331330866925786
2.36 0.06520334118621424
2.37 0.0670346950971966
2.38 0.06880572230729759
2.39 0.07051482901156901
2.4 0.07216047712933811
2.41 0.07374118568837695
2.42 0.07525553215767691
2.43 0.07670215372763105
2.44 0.07807974853647032
2.45 0.07938707684185173
2.46 0.08062296213654235
2.47 0.08178629220719685
2.48 0.0828760201352739
2.49 0.0838911652391928
2.5 0.08483081395688015
2.5100000000000002 0.08569412066791451
2.52 0.08648030845452734
2.5300000000000002 0.08718866980077683
2.54 0.08781856722926425
2.5500000000000003 0.0883694338748208
2.56 0.08884077399464783
2.57 0.08923216341445205
2.58 0.0895432499101736
2.59 0.08977375352496403
2.6 0.08992346682112858
2.61 0.08999225506680601
2.62 0.08998005635721831
2.63 0.08988688167038071
2.64 0.08971281485722227
2.65 0.08945801256612566
2.66 0.08912270410195423
2.67 0.08870719121969313
2.68 0.08821184785289005
2.69 0.08763711977714049
2.7 0.08698352420891961
2.71 0.08625164934012247
2.72 0.08544215380873085
2.73 0.0845557661060838
2.74 0.08359328392128422
2.75 0.08255557342333288
2.7600000000000002 0.08144356848163456
2.77 0.08025826982557879
2.7800000000000002 0.0790007441439506
2.79 0.07767212312498317
2.8000000000000003 0.07627360243791424
2.81 0.07480644065696494
2.82 0.07327195812870768
2.83 0.07167153578384329
2.84 0.07000661389445702
2.85 0.06827869077787037
2.86 0.0664893214482571
2.87 0.06464011621723485
2.88 0.06273273924469411
2.89 0.06076890704116595
2.9 0.05875038692307897
2.91 0.056678995422293287
2.92 0.0545565966513451
2.93 0.05238510062587039
2.94 0.05016646154572063
2.95 0.04790267603631426
2.96 0.045595781351808945
2.97 0.04324785354170976
2.98 0.04086100558256574
2.99 0.03843738547643242
3.0 0.03597917431781604
3.0100000000000002 0.03348858433083499
3.02 0.03096785687836797
3.0300000000000002 0.028419260444977872
3.04 0.025845088595429923
3.0500000000000003 0.02324765791063716
3.06 0.020629305902894735
3.0700000000000003 0.01799238891227597
3.08 0.015339279986086161
3.09 0.012672366743279108
3.1 0.009994049225762143
3.11 0.007306737738520237
3.12 0.004612850680503478
3.13 0.0019148123682324527
3.14 -7.849491459241045E-4
3.15 -0.003484004258831728
3.16 -0.006179924003069741
3.17 -0.008870282232837163
3.18 -0.011552657807321278
3.19 -0.01422463676955976
3.2 -0.016883814518839867
3.21 -0.01952779797467618
3.22 -0.022154207730422287
3.23 -0.02476068019457499
3.24 -0.02734486971784848
3.25 -0.029904450704099188
3.2600000000000002 -0.032437119703206126
3.27 -0.034940597484019925
3.2800000000000002 -0.03741263108551785
3.29 -0.039850995844315555
3.3000000000000003 -0.04225349739671497
3.31 -0.04461797365348278
3.3200000000000003 -0.04694229674558542
3.33 -0.04922437493912685
3.34 -0.05146215451776878
3.35 -0.05365362163093599
3.36 -0.05579680410614605
3.37 -0.05788977322383201
3.38 -0.0599306454530589
3.39 -0.061917584146575305
3.4 -0.06384880119367128
3.41 -0.06572255862935783
3.42 -0.06753717019841744
3.43 -0.06929100287292082
3.44 -0.07098247832184092
3.45 -0.07261007433144494
3.46 -0.07417232617518356
3.47 -0.07566782793184644
3.48 -0.07709523375079572
3.49 -0.07845325906314152
3.5 -0.07974068173776658
3.5100000000000002 -0.08095634318116222
3.52 -0.08209914938008399
3.5300000000000002 -0.08316807188609007
3.54 -0.0841621487410751
3.5500000000000003 -0.08508048534296778
3.56 -0.08592225525081225
3.5700000000000003 -0.08668670092850925
3.58 -0.08737313442654732
3.59 -0.08798093800111118
3.6 -0.0885095646700092
3.61 -0.08895853870492057
3.62 -0.08932745605951876
3.63 -0.08961598473308578
3.64 -0.08982386506929052
3.65 -0.0899509099898619
3.66 -0.08999700516294667
3.67 -0.08996210910600042
3.68 -0.08984625322311894
3.69 -0.08964954177677682
3.7 -0.08937215179399813
3.71 -0.08901433290704414
3.72 -0.08857640712876097
3.73 -0.0880587685627901
3.74 -0.08746188304890123
3.75 -0.08678628774376837
3.7600000000000002 -0.08603259063756478
3.77 -0.08520147000681308
3.7800000000000002 -0.0842936738039819
3.79 -0.08331001898437945
3.8000000000000003 -0.08225139077094862
3.81 -0.08111874185762628
3.8200000000000003 -0.07991309155198284
3.83 -0.07863552485791457
3.84 -0.07728719149921282
3.85 -0.07586930488489066
3.86 -0.07438314101719665
3.87 -0.07283003734329843
3.88 -0.07121139155167136
3.89 -0.06952866031427248
3.9 -0.06778335797563456
3.91 -0.06597705519005792
3.92 -0.06411137750812797
3.93 -0.06218800391382875
3.94 -0.060208665313571455
3.95 -0.058175142978494895
3.96 -0.056089266941442145
3.97 -0.053952914350053886
3.98 -0.0517680077774632
3.99 -0.049536513492108386
4.0 -0.04726043968822507
4.01 -0.0449418346786064
4.0200000000000005 -0.04258278505125956
4.03 -0.040185413791618586
4.04 -0.03775187837199919
4.05 -0.035284368810020374
4.0600000000000005 -0.03278510569773575
4.07 -0.030256338203251597
4.08 -0.02770034204662614
4.09 -0.025119417451875653
4.1 -0.022515887076928354
4.11 -0.019892093923388313
4.12 -0.017250399227993558
4.13 -0.014593180337660591
4.14 -0.011922828570033888
4.15 -0.00924174706146069
4.16 -0.006552348604331586
4.17 -0.003857053475728916
4.18 -0.0011582872593413189
4.19 0.0015415213373978188
4.2 0.004239942668982672
4.21 0.006934548338352949
4.22 0.009622913382286716
4.23 0.01230261845370382
4.24 0.014971251998914142
4.25 0.017626412427854704
4.26 0.020265710275357278
4.2700000000000005 0.022886770351506727
4.28 0.0254872338791502
4.29 0.028064760616639147
4.3 0.030617030963887598
4.3100000000000005 0.033141748049856375
4.32 0.03563663979958098
4.33 0.038099460978886925
4.34 0.0405279952149484
4.3500000000000005 0.042920056990874186
4.36 0.045273493612524945
4.37 0.047586187145793546
4.38 0.04985605632260224
4.39 0.05208105841390341
4.4 0.054259191067998244
4.41 0.05638849411251724
4.42 0.058467051318444097
4.43 0.06049299212459198
4.44 0.06246449332098232
4.45 0.06437978068961045
4.46 0.06623713060112274
4.47 0.06803487156596623
4.48 0.06977138573861656
4.49 0.07144511037352921
4.5 0.07305453923150601
4.51 0.07459822393520787
4.5200000000000005 0.07607477527259728
4.53 0.07748286444713447
4.54 0.0788212242736057
4.55 0.0800886503185037
4.5600000000000005 0.0812840019839369
4.57 0.08240620353408998
4.58 0.08345424506331424
4.59 0.08442718340497408
4.6000000000000005 0.08532414298023343
4.61 0.08614431658601737
4.62 0.08688696612144084
4.63 0.08755142325204927
4.64 0.08813709001127465
4.65 0.08864343933856501
4.66 0.0890700155537033
4.67 0.08941643476688892
4.68 0.08968238522421264
4.69 0.08986762758821397
4.7 0.08997199515326879
4.71 0.08999539399561314
4.72 0.0899378030578683
4.73 0.08979927416799097
4.74 0.08957993199263162
4.75 0.0892799739249429
4.76 0.0888996699069392
4.7700000000000005 0.08843936218656691
4.78 0.08789946500970461
4.79 0.08728046424736946
4.8 0.0865829169584663
4.8100000000000005 0.08580745088847203
4.82 0.08495476390450735
4.83 0.08402562336730317
4.84 0.08302086544062783
4.8500000000000005 0.08194139433879614
4.86 0.08078818151293782
4.87 0.07956226477675653
4.88 0.0782647473725679
4.89 0.07689679697845594
4.9 0.07545964465744133
4.91 0.07395458374960834
4.92 0.07238296870818539
4.93 0.07074621388062885
4.94 0.0690457922358058
4.95 0.06728323403842182
4.96 0.06546012547188532
4.97 0.06357810721085003
4.98 0.0616388729447183
4.99 0.05964416785343563
5.0 0.05759578703694538
5.01 0.05549557389972092
5.0200000000000005 0.053345418491825336
5.03 0.05114725580799506
5.04 0.048903064046273766
5.05 0.046614862827768645
5.0600000000000005 0.044284711379127165
5.07 0.04191470667937299
5.08 0.03950698157276526
5.09 0.037063702849383234
5.1000000000000005 0.03458706929516149
5.11 0.03207930971313142
5.12 0.029542680917648022
5.13 0.026979465703409835
5.14 0.024391970791097922
5.15 0.021782524751482416
5.16 0.019153475909867074
5.17 0.016507190232753762
5.18 0.013846049198632816
5.19 0.011172447654813207
5.2 0.008488791662222054
5.21 0.005797496330111183
5.22 0.0031009836426224404
5.23 4.016802791652225E-4
5.24 -0.0022979845694303547
5.25 -0.004995581387022821
5.26 -0.007688682518558523
5.2700000000000005 -0.010374864354798324
5.28 -0.013051709513400858
5.29 -0.01571680901440533
5.3 -0.018367764448149585
5.3100000000000005 -0.021002190133677656
5.32 -0.02361771526569053
5.33 -0.026211986048112198
5.34 -0.028782667812346528
5.3500000000000005 -0.03132744711832181
5.36 -0.03384403383642955
5.37 -0.03633016320848833
5.38 -0.038783597885871976
5.39 -0.04120212994297253
5.4 -0.04358358286418503
5.41 -0.04592581350262308
5.42 -0.04822671400880817
5.43 -0.050484213727591036
5.44 -0.052696281061601284
5.45 -0.05486092529954831
5.46 -0.05697619840772698
5.47 -0.059040196783116713
5.48 -0.06105106296649563
5.49 -0.06300698731402757
5.5 -0.06490620962582108
5.51 -0.06674702072998896
5.5200000000000005 -0.06852776402078879
5.53 -0.070246836949455
5.54 -0.07190269246638595
5.55 -0.07349384041338335
5.5600000000000005 -0.07501884886469419
5.57 -0.07647634541564716
5.58 -0.07786501841772442
5.59 -0.07918361815895679
5.6000000000000005 -0.08043095798858013
5.61 -0.0816059153849404
5.62 -0.08270743296568829
5.63 -0.08373451943935134
5.64 -0.08468625049742942
5.65 -0.08556176964621034
5.66 -0.08636028897755577
5.67 -0.08708108987796602
5.68 -0.0877235236752834
5.69 -0.08828701222245322
5.7 -0.08877104841781736
5.71 -0.08917519666147146
5.72 -0.08949909324727544
5.73 -0.08974244669016446
5.74 -0.08990503798846573
5.75 -0.08998672082098541
5.76 -0.08998742167868763
5.7700000000000005 -0.08990713993084776
5.78 -0.08974594782562004
5.79 -0.089503990425019
5.8 -0.08918148547437356
5.8100000000000005 -0.08877872320637083
5.82 -0.08829606607986641
5.83 -0.08773394845369581
5.84 -0.08709287619578075
5.8500000000000005 -0.0863734262278822
5.86 -0.08557624600641
5.87 -0.08470205293975533
5.88 -0.08375163374267192
5.89 -0.08272584372828584
5.9 -0.0816256060383711
5.91 -0.08045191081258508
5.92 -0.07920581429740882
5.93 -0.07788843789559687
5.94 -0.0765009671569907
5.95 -0.07504465071160364
5.96 -0.07352079914593818
5.97 -0.07193078382354645
5.98 -0.07027603565089559
5.99 -0.0685580437896492
6.0 -0.06677835431652115
6.01 -0.06493856883191203
6.0200000000000005 -0.06304034301857588
6.03 -0.06108538515161874
6.04 -0.05907545456116494
6.05 -0.057012360049079606
6.0600000000000005 -0.05489795826116881
6.07 -0.05273415201632404
6.08 -0.050522888594113156
6.09 -0.04826615798236029
6.1000000000000005 -0.045965991086290944
6.11 -0.043624457900855534
6.12 -0.04124366564787186
6.13 -0.03882575687966896
6.140000000000001 -0.03637290755093419
6.15 -0.03388732506050141
6.16 -0.03137124626484004
6.17 -0.028826935465035907
6.18 -0.026256682369072845
6.19 -0.023662800031250476
6.2 -0.021047622770591135
6.21 -0.018413504070110314
6.22 -0.015762814458840632
6.23 -0.013097939378515739
6.24 -0.010421277036834884
6.25 -0.007735236249235795
6.26 -0.00504223427112532
6.2700000000000005 -0.0023446946225111503
6.28 3.5495509300082027E-4
6.29 0.0030542853728878403
6.3 0.005750867002097411
6.3100000000000005 0.008442273239177147
6.32 0.0111260820001779
6.33 0.013799878038366358
6.34 0.016461255117784075
6.3500000000000005 0.01910781817869749
6.36 0.021737185492988795
6.37 0.024346990807552482
6.38 0.02693488547376202
6.390000000000001 0.029498540561095538
6.4 0.03203564895301558
6.41 0.034543927423219316
6.42 0.03702111869038731
6.43 0.03946499344958465
6.44 0.04187335237848455
6.45 0.04424402811661024
6.46 0.046574887215813154
6.47 0.048863832060232426
6.48 0.05110880275400747
6.49 0.05330777897504433
6.5 0.05545878179317093
6.51 0.05755987545103903
6.5200000000000005 0.05960916910617645
6.53 0.06160481853261628
6.54 0.06354502778057726
6.55 0.06542805079269648
6.5600000000000005 0.06725219297536332
6.57 0.06901581272373913
6.58 0.07071732289909108
6.59 0.07235519225710994
6.6000000000000005 0.07392794682592654
6.61 0.07543417123258633
6.62 0.07687250997679065
6.63 0.07824166865075464
6.640000000000001 0.07954041510408723
6.65 0.08076758055264295
6.66 0.08192206063034944
6.67 0.08300281638306183
6.68 0.08400887520355153
6.69 0.08493933170678702
6.7 0.08579334854471929
6.71 0.08657015715983854
6.72 0.08726905847682424
6.73 0.08788942353166564
6.74 0.08843069403768655
6.75 0.08889238288796637
6.76 0.08927407459370285
6.7700000000000005 0.08957542565812426
6.78 0.08979616488561319
6.79 0.08993609362576437
6.8 0.08999508595215656
6.8100000000000005 0.08997308877567788
6.82 0.08987012189230237
6.83 0.08968627796527506
6.84 0.08942172244172115
6.8500000000000005 0.08907669340375485
6.86 0.08865150135422163
6.87 0.08814652893726643
6.88 0.0875622305939799
6.890000000000001 0.08689913215343198
6.9 0.0861578303594615
6.91 0.0853389923336466
6.92 0.0844433549749406
6.93 0.08347172429651256
6.94 0.08242497470039001
6.95 0.08130404819055599
6.96 0.08010995352520917
6.97 0.0788437653089493
6.98 0.07750662302570574
6.99 0.0760997300132793
7.0 0.07462435238041848
7.01 0.07308181786740806
7.0200000000000005 0.07147351465119149
7.03 0.06980089009610657
7.04 0.0680654494513539
7.05 0.06626875449637495
7.0600000000000005 0.0644124221353559
7.07 0.06249812294212314
7.08 0.0605275796567393
7.09 0.05850256563515349
7.1000000000000005 0.05642490325330051
7.11 0.054296462267086516
7.12 0.05211915812973335
7.13 0.049894950268001
7.140000000000001 0.047625840318835426
7.15 0.0453138703280309
7.16 0.042961120912525665
7.17 0.040569709387987825
7.18 0.03814178786337387
7.19 0.03567954130417629
7.2 0.033185185566101796
7.21 0.03066096540095078
7.22 0.028109152436491987
7.23 0.025532043132150913
7.24 0.022931956712352417
7.25 0.020311233079373277
7.26 0.017672230707589942
7.2700000000000005 0.015017324521009281
7.28 0.012348903755999025
7.29 0.009669369811134367
7.3 0.006981134086102501
7.3100000000000005 0.00428661581160538
7.32 0.0015882398722157707
7.33 -0.0011115653758557152
7.34 -0.0038103702901173078
7.3500000000000005 -0.006505746128310392
7.36 -0.009195267234112368
7.37 -0.011876513220065632
7.38 -0.0145470711457615
7.390000000000001 -0.017204537689324166
7.4 -0.019846521310237654
7.41 -0.022470644401571892
7.42 -0.02507454542966771
7.43 -0.027655881059358046
7.44 -0.030212328262810957
7.45 -0.03274158641009825
7.46 -0.0352413793396071
7.47 -0.037709457406432056
7.48 -0.04014359950690352
7.49 -0.042541615077430164
7.5 -0.04490134606586015
7.51 -0.04722066887358068
7.5200000000000005 -0.049497496266614746
7.53 -0.05172977925398936
7.54 -0.053915508931690746
7.55 -0.056052718290541335
7.5600000000000005 -0.058139483986375556
7.57 -0.06017392807091942
7.58 -0.06215421968181765
7.59 -0.06407857669028619
7.6000000000000005 -0.06594526730490785
7.61 -0.06775261163012689
7.62 -0.06949898317804296
7.63 -0.07118281033213945
7.640000000000001 -0.07280257776163267
7.65 -0.07435682778516683
7.66 -0.07584416168262965
7.67 -0.07726324095390544
7.68 -0.0786127885234351
7.69 -0.07989158988949772
7.7 -0.08109849421718031
7.71 -0.0822324153740515
7.72 -0.08329233290760758
7.73 -0.08427729296361074
7.74 -0.08518640914449314
7.75 -0.08601886330705567
7.76 -0.08677390629874092
7.7700000000000005 -0.08745085863182031
7.78 -0.08804911109488688
7.79 -0.08856812530110475
7.8 -0.08900743417272074
7.8100000000000005 -0.08936664236140289
7.82 -0.08964542660402715
7.83 -0.08984353601359255
7.84 -0.08996079230500245
7.8500000000000005 -0.08999708995550919
7.86 -0.08995239629967729
7.87 -0.08982675155878028
7.88 -0.08962026880460419
7.890000000000001 -0.08933313385769062
7.9 -0.08896560512011079
7.91 -0.08851801334292106
7.92 -0.08799076132850936
7.930000000000001 -0.08738432356810015
7.94 -0.0866992458147446
7.95 -0.08593614459217927
7.96 -0.08509570663999678
7.97 -0.08417868829562618
7.98 -0.0831859148136804
7.99 -0.08211827962328323
8.0 -0.08097674352404263
8.01 -0.07976233382139665
8.02 -0.07847614340210746
8.03 -0.07711932975073713
8.040000000000001 -0.07569311390798941
8.05 -0.07419877937185675
8.06 -0.07263767094255674
8.07 -0.07101119351230412
8.08 -0.06932081080100219
8.09 -0.06756804403899377
8.1 -0.06575447059805639
8.11 -0.06388172257187433
8.120000000000001 -0.0619514853072642
8.13 -0.05996549588747768
8.14 -0.057925541568941925
8.15 -0.0558334581728509
8.16 -0.05369112843304974
8.17 -0.051500480301701256
8.18 -0.049263485214259314
8.19 -0.04698215631531007
8.2 -0.04465854664687752
8.21 -0.04229474730082375
8.22 -0.03989288553700947
8.23 -0.03745512286890094
8.24 -0.03498365311835531
8.25 -0.03248070044132884
8.26 -0.029948517326286724
8.27 -0.02738938256711529
8.28 -0.02480559921236128
8.290000000000001 -0.02219949249264331
8.3 -0.019573407728103336
8.31 -0.01692970821777342
8.32 -0.014270773112768462
8.33 -0.011598995275210335
8.34 -0.008916779124813283
8.35 -0.006226538475068397
8.36 -0.0035306943609746196
8.370000000000001 -8.316728602702937E-4
8.38 0.0018680970898715802
8.39 0.004566185878725411
8.4 0.007260165408496655
8.41 0.009947611279446645
8.42 0.012626104971688784
8.43 0.015293236021692995
8.44 0.01794660419154011
8.45 0.02058382162897421
8.46 0.023202515016309065
8.47 0.025800327706251538
8.48 0.02837492184272819
8.49 0.03092398046479619
8.5 0.033445209591752005
8.51 0.035936340287559126
8.52 0.03839513070273758
8.53 0.04081936809187719
8.540000000000001 0.04320687080495929
8.55 0.04555549025069268
8.56 0.047863112830103825
8.57 0.05012766183863113
8.58 0.052347099335019305
8.59 0.05451942797532911
8.6 0.05664269281041214
8.61 0.05871498304523293
8.620000000000001 0.06073443375845575
8.63 0.0626992275807469
8.64 0.06460759633028634
8.65 0.06645782260401042
8.66 0.06824824132315929
8.67 0.06997724123173545
8.68 0.07164326634652517
8.69 0.07324481735737838
8.700000000000001 0.07478045297648704
8.71 0.0762487912354458
8.72 0.07764851072893164
8.73 0.07897835180387866
8.74 0.08023711769308103
8.75 0.08142367559220262
8.76 0.08253695767922445
8.77 0.08357596207541244
8.78 0.0845397537469408
8.790000000000001 0.08542746534635927
8.8 0.08623829799314674
8.81 0.08697152199265087
8.82 0.08762647749276327
8.83 0.08820257507774197
8.84 0.0886992962986459
8.85 0.08911619413990393
8.86 0.08945289342159872
8.870000000000001 0.08970909113710326
8.88 0.08988455672576637
8.89 0.08997913228040186
8.9 0.08999273268939421
8.91 0.08992534571329333
8.92 0.08977703199582923
8.93 0.08954792500933675
8.94 0.08923823093463948
8.950000000000001 0.08884822847550085
8.96 0.08837826860780983
8.97 0.08782877426372596
8.98 0.08720023995106915
8.99 0.086493231308296
9.0 0.08570838459546334
9.01 0.08484640612163719
9.02 0.08390807160926217
9.03 0.08289422549606375
9.040000000000001 0.08180578017511099
9.05 0.08064371517372539
9.06 0.0794090762719709
9.07 0.07810297456152344
9.08 0.07672658544576326
9.09 0.07528114758199109
9.1 0.07376796176672012
9.11 0.07218838976504713
9.120000000000001 0.07054385308515546
9.13 0.06883583169905468
9.14 0.06706586271070393
9.15 0.06523553897272352
9.16 0.0633465076529345
9.17 0.06140046875201879
9.18 0.05939917357363352
9.19 0.05734442314835595
9.200000000000001 0.055238066612876995
9.21 0.05308199954590436
9.22 0.05087816226226793
9.23 0.048628538066768444
9.24 0.04633515146933668
9.25 0.04400006636311136
9.26 0.04162538416707464
9.27 0.03921324193491677
9.28 0.036765810431831865
9.290000000000001 0.03428529218097555
9.3 0.0317739194813447
9.31 0.02923395239885583
9.32 0.026667676732440512
9.33 0.024077401956980216
9.34 0.021465459144934577
9.35 0.018834198868533495
9.36 0.016185989084420947
9.370000000000001 0.013523213002653522
9.38 0.010848266941973656
9.39 0.008163558173281994
9.4 0.0054715027532580614
9.41 0.002774523350071623
9.42 7.504706314479239E-5
9.43 -0.0026244967610734144
9.44 -0.005321678715354837
9.450000000000001 -0.008014071517995366
9.46 -0.010699252197202944
9.47 -0.013374804271610863
9.48 -0.016038319924946465
9.49 -0.018687402172903773
9.5 -0.02131966702026734
9.51 -0.023932745606346985
9.52 -0.026524286336792713
9.53 -0.029091956999870983
9.540000000000001 -0.03163344686529809
9.55 -0.03414646876373947
9.56 -0.03662876114511101
9.57 -0.03907809011381922
9.58 -0.04149225143911692
9.59 -0.043869072538762294
9.6 -0.04620641443419639
9.61 -0.04850217367547917
9.620000000000001 -0.05075428423425285
9.63 -0.05296071936302674
9.64 -0.05511949341911526
9.65 -0.05722866365158075
9.66 -0.05928633194957867
9.67 -0.061290646550529355
9.68 -0.06323980370657915
9.69 -0.06513204930785169
9.700000000000001 -0.06696568046102887
9.71 -0.0687390470218387
9.72 -0.07045055308007533
9.73 -0.07209865839580953
9.74 -0.07368187978550098
9.75 -0.07519879245676318
9.76 -0.07664803129058051
9.77 -0.07802829206982317
9.78 -0.07933833265295474
9.790000000000001 -0.0805769740918757
9.8 -0.08174310169289627
9.81 -0.0828356660198871
9.82 -0.08385368383869977
9.83 -0.08479623900201146
9.84 -0.08566248327379575
9.85 -0.08645163709267778
9.86 -0.08716299027348688
9.870000000000001 -0.08779590264637527
9.88 -0.08834980463292744
9.89 -0.08882419775874291
9.9 -0.08921865510202899
9.91 -0.0895328216778018
9.92 -0.08976641475734876
9.93 -0.08991922412266531
9.94 -0.08999111225563702
9.950000000000001 -0.08998201446179652
9.96 -0.08989193892854414
9.97 -0.08972096671777993
9.98 -0.08946925169295329
9.99 -0.08913702038059633
10.0 -0.0887245717664652
