0.1 0.017804947289889975
0.2 0.017456433390221893
0.30000000000000004 0.01693350057844841
0.4 0.016241373826366163
0.5 0.015386968635695265
0.6000000000000001 0.014378821940672096
0.7000000000000001 0.01322700680982434
0.8 0.011943031799199965
0.9 0.010539725962679417
1.0 0.009031110668309975
1.1 0.0074322595014310626
1.2000000000000002 0.0057591476543922045
1.3 0.0040284923077117726
1.4000000000000001 0.002257585597535192
1.5 4.641218383266242E-4
1.6 -0.0013339792728722247
1.7000000000000002 -0.003118751704131455
1.8 -0.00487236259928525
1.9000000000000001 -0.006577290457935932
2.0 -0.008216500204494076
2.1 -0.009773613397022787
2.2 -0.0112330718752155
2.3000000000000003 -0.012580293212390944
2.4000000000000004 -0.01380181641828023
2.5 -0.014885436436791993
2.6 -0.01582032609489843
2.7 -0.01659714428416917
2.8000000000000003 -0.01720812929403897
2.9000000000000004 -0.01764717636425401
3.0 -0.01790989868161836
3.1 -0.017993671211581373
3.2 -0.01789765692671517
3.3000000000000003 -0.01762281517001604
3.4000000000000004 -0.017171892069466302
3.5 -0.016549393099631306
3.6 -0.015761538064446825
3.7 -0.01481619895099418
3.8000000000000003 -0.013722821275207426
3.9000000000000004 -0.012492329705400417
4.0 -0.011137018906592234
4.1000000000000005 -0.009670430696278364
4.2 -0.00810721873906668
4.3 -0.00646300213210446
4.4 -0.004754209344222702
4.5 -0.002997914068106155
4.6000000000000005 -0.0012116646255997128
4.7 5.866913693226314E-4
4.800000000000001 0.002379185338017102
4.9 0.004147907273268202
5.0 0.0058751846901606555
5.1000000000000005 0.007543759203706892
5.2 0.009136958968924932
5.300000000000001 0.010638865260402567
5.4 0.012034471526939539
5.5 0.013309833332046724
5.6000000000000005 0.01445220768214606
5.7 0.01545018035035009
5.800000000000001 0.01629377992364404
5.9 0.01697457743394849
6.0 0.017485770577582223
6.1000000000000005 0.017822251681632036
6.2 0.01798065873813212
6.300000000000001 0.01795940899613635
6.4 0.017758714776042513
6.5 0.017380581348157093
6.6000000000000005 0.01682878689669723
6.7 0.016108844769422922
6.800000000000001 0.015227948390088652
6.9 0.014194899384131118
7.0 0.01302001963573724
7.1000000000000005 0.011715048154989345
7.2 0.010293023785556871
7.300000000000001 0.0087681549248804
7.4 0.007155677558561209
7.5 0.005471703027429394
7.6000000000000005 0.003733057048352038
7.7 0.001957111597232162
7.800000000000001 1.6161133396780776E-4
7.9 -0.001635503696323932
8.0 -0.0034162773143076473
8.1 -0.005162916618637941
8.200000000000001 -0.006857969766748166
8.3 -0.00848450034789242
8.4 -0.010026256606163469
8.5 -0.01146783382266553
8.6 -0.012794828234373383
8.700000000000001 -0.0139939809517713
8.8 -0.015053310437294187
8.9 -0.01596223222089049
9.0 -0.016711664656548116
9.1 -0.017294119663099395
9.200000000000001 -0.017703777542652902
9.3 -0.017936545129091017
9.4 -0.01799009668563279
9.5 -0.017863897142827052
9.600000000000001 -0.017559207444789483
9.700000000000001 -0.017079071950265864
9.8 -0.016428288014405774
9.9 -0.015613358055175766
10.0 -0.014642424583348431
10.100000000000001 -0.013525188845226315
10.200000000000001 -0.012272813890995738
10.3 -0.010897813037219232
10.4 -0.00941392483791288
10.5 -0.007835975813455928
10.600000000000001 -0.00617973230890012
10.700000000000001 -0.0044617429618617225
10.8 -0.002699173354004539
10.9 -9.096344982222289E-4
11.0 8.889931247811297E-4
11.100000000000001 0.002678738222343764
11.200000000000001 0.004441718253061837
11.3 0.006160318103232166
11.4 0.007817366091245427
11.5 0.009396305541352632
11.600000000000001 0.010881360212496326
11.700000000000001 0.012257691929296198
11.8 0.013511548840192789
11.9 0.014630402821402409
12.0 0.015603074653788766
12.100000000000001 0.01641984572192523
12.200000000000001 0.01707255511928757
12.3 0.017554681189334398
12.4 0.0178614066877435
12.5 0.01798966691472474
12.600000000000001 0.01793818033648731
12.700000000000001 0.017707461389901768
12.8 0.017299815342416845
12.9 0.016719315258589145
13.0 0.015971761303368463
13.100000000000001 0.015064622788766857
13.200000000000001 0.014006963542962136
13.3 0.012809351347522702
13.4 0.011483752347627423
13.5 0.010043411490298488
13.600000000000001 0.008502720185268908
13.700000000000001 0.006877072510773759
13.8 0.005182711401008896
13.9 0.0034365663521017677
14.0 0.0016560842681822437
14.100000000000001 -1.4094486231631232E-4
14.200000000000001 -0.0019365657183407492
14.3 -0.0037128370498510426
14.4 -0.00545201094085998
14.5 -0.0071367101407430545
14.600000000000001 -0.008750101691982577
14.700000000000001 -0.010276065119514849
14.8 -0.011699353501188439
14.9 -0.013005745809970253
15.0 -0.01418218900574683
15.100000000000001 -0.015216928456986398
15.200000000000001 -0.016099625389131532
15.3 -0.01682146018621706
15.4 -0.01737522051355737
15.5 -0.017755373381010506
15.600000000000001 -0.017958120426786704
15.700000000000001 -0.017981435869423825
15.8 -0.01782508674872611
15.9 -0.017490635253425417
16.0 -0.016981423112307825
16.1 -0.016302538204764218
16.2 -0.015460763724381292
16.3 -0.014464510403513327
16.400000000000002 -0.013323732476024898
16.5 -0.012049828217876472
16.6 -0.010655526059318616
16.7 -0.009154757406624721
16.8 -0.0075625174440842385
16.900000000000002 -0.00589471530707837
17.0 -0.004168015123258052
17.1 -0.0023996695100886997
17.2 -6.073471923998828E-4
17.3 0.0011910435376731676
17.400000000000002 0.002977533754424436
17.5 0.004734273438143235
17.6 0.006443709826610902
17.7 0.008088762796498294
17.8 0.009652995522312621
17.900000000000002 0.011120778707724084
18.0 0.01247744674832862
18.1 0.013709444265519429
18.2 0.014804461547348897
18.3 0.015751557543101643
18.400000000000002 0.016541269182656384
18.5 0.017165705928354626
18.6 0.01761862861464474
18.7 0.01789551178776162
18.8 0.01799358892256491
18.900000000000002 0.01791188006474364
19.0 0.0176512016221958
19.1 0.017214158207750487
19.200000000000003 0.016605116614737493
19.3 0.01583016218543185
19.400000000000002 0.01489703800832525
19.5 0.013815067551745563
19.6 0.012595061506842978
19.700000000000003 0.011249209770737813
19.8 0.009790959649097854
19.900000000000002 0.008234881495105017
20.0 0.00659652312730306
20.1 0.004892254480933672
20.200000000000003 0.0031391040449551162
20.3 0.0013545887190092708
20.400000000000002 -4.434612096494802E-4
20.5 -0.002237080220490137
20.6 -0.0040083470652481235
20.700000000000003 -0.005739563831113529
20.8 -0.0074134327724259454
20.900000000000002 -0.009013229144031406
21.0 -0.010522968309407089
21.1 -0.011927565453866081
21.200000000000003 -0.013212986307038984
21.3 -0.01436638736866449
21.400000000000002 -0.015376244236598627
21.5 -0.01623246675483122
21.6 -0.016926499830989684
21.700000000000003 -0.017451408915993845
21.8 -0.017801949291778203
21.900000000000002 -0.017974618474781195
22.0 -0.01796769121160308
22.1 -0.01778123671716769
22.200000000000003 -0.017417117983149755
22.3 -0.016878973163577952
22.400000000000002 -0.01617217922360238
22.5 -0.015303798214636316
22.6 -0.014282506712672682
22.700000000000003 -0.013118509124805042
22.8 -0.011823435730164974
22.900000000000002 -0.010410226474017282
23.0 -0.00889300167610462
23.1 -0.007286920945079785
23.200000000000003 -0.005608031708707527
23.3 -0.0038731088732707427
23.400000000000002 -0.0020994872142517515
23.5 -3.048881729862241E-4
23.6 0.0014927572101212146
23.700000000000003 0.003275487456625051
23.8 0.005025490115194428
23.900000000000002 0.006725279737739013
24.0 0.008357872588225967
24.1 0.009906956338556787
24.200000000000003 0.011357053055957113
24.3 0.012693673853364883
24.400000000000002 0.013903463657600586
24.5 0.014974334648843554
24.6 0.015895587038132247
24.700000000000003 0.01665801597611841
24.8 0.017254003524879158
24.900000000000002 0.017677594773834612
25.0 0.017924557339245833
25.1 0.017992423652794215
25.200000000000003 0.01788051561670839
25.3 0.017589951379093065
25.400000000000002 0.017123634161762706
25.5 0.01648622325220893
25.6 0.01568408744953992
25.700000000000003 0.014725241429545122
25.8 0.013619265664704013
25.900000000000002 0.012377210699271822
26.0 0.011011486735894454
26.1 0.009535739636965555
26.200000000000003 0.007964714579680536
26.3 0.006314108727100011
26.400000000000002 0.004600414387285092
26.5 0.0028407542276072976
26.6 0.0010527101907156897
26.700000000000003 -7.458521784218258E-4
26.8 -0.002536962239138438
26.900000000000002 -0.004302723811769863
27.0 -0.006025493990365415
27.1 -0.007688059424772799
27.200000000000003 -0.00927380831074242
27.3 -0.010766896369584503
27.400000000000002 -0.012152405158964503
27.5 -0.01341649113304715
27.6 -0.014546523962630767
27.700000000000003 -0.015531212733221299
27.8 -0.016360718760117805
27.900000000000002 -0.01702675389329784
28.0 -0.01752266332987256
28.1 -0.01784349210667761
28.200000000000003 -0.01798603460862703
28.3 -0.01794886659815963
28.400000000000002 -0.017732359445749888
28.5 -0.01733867641929695
28.6 -0.016771751069466795
28.700000000000003 -0.016037247926954334
28.8 -0.015142505904365127
28.900000000000002 -0.014096464968226433
29.0 -0.012909576813797063
29.1 -0.011593700435182926
29.200000000000003 -0.010161983634188276
29.3 -0.008628731651826057
29.400000000000002 -0.007009264235078202
29.5 -0.005319762567048213
29.6 -0.0035771075899279276
29.700000000000003 -0.0017987113362036425
29.8 -2.342953382990866E-6
29.900000000000002 0.0017940488394534498
30.0 0.0035725150893197092
30.1 0.00531528594933003
30.200000000000003 0.00700494822913458
30.3 0.008624619381761588
30.400000000000002 0.010158116188446219
30.5 0.01159011645600262
30.6 0.012906312111113826
30.700000000000003 0.014093552161870353
30.8 0.015139974098134385
30.900000000000002 0.01603512241781995
31.0 0.016770053094813386
31.1 0.017337422944726004
31.200000000000003 0.017731562995564987
31.3 0.01794853513022773
31.400000000000002 0.017986171434866142
31.5 0.017844095859965187
31.6 0.017523727977705326
31.700000000000003 0.017028268798066556
31.8 0.016362668785394826
31.900000000000002 0.015533578394998589
32.0 0.0145492816239979
32.1 0.013419613240363275
32.2 0.012155860517165301
32.300000000000004 0.010770650453873064
32.4 0.009277823611549522
32.5 0.007692295822540009
32.6 0.006029909156406611
32.7 0.0043072736312053566
32.800000000000004 0.0025416012516764623
32.9 7.50534032582618E-4
33.0 -0.0010480322744713523
33.1 -0.002836126989472215
33.2 -0.00459588406109321
33.300000000000004 -0.006309720578373049
33.4 -0.007960512453349987
33.5 -0.009531765519288736
33.6 -0.011007780334941524
33.7 -0.012373809048175975
33.800000000000004 -0.013616202751638511
33.9 -0.014722547858124815
34.0 -0.015681790133040104
34.1 -0.01648434514465668
34.2 -0.017122194028587882
34.300000000000004 -0.017588963609630286
34.4 -0.017879990080423604
34.5 -0.017992365600672272
34.6 -0.017924967351324348
34.7 -0.017678468753408418
34.800000000000004 -0.017255332739433256
34.9 -0.016659787144580378
35.0 -0.015897782463572267
35.1 -0.01497693239529634
35.2 -0.013906437769242243
35.300000000000004 -0.012696994613855034
35.4 -0.011360687285354686
35.5 -0.009910867724842912
35.6 -0.008362022050121808
35.7 -0.006729625815192876
35.800000000000004 -0.005029989383637073
35.9 -0.003280094960853522
36.0 -0.0014974269134762378
36.1 3.002029286369733E-4
36.2 0.0020948332423211384
36.300000000000004 0.0038685326747078352
36.4 0.005603579007375615
36.5 0.007282636230898773
36.6 0.008888927760522265
36.7 0.010406404062251478
36.800000000000004 0.01181990301449051
36.9 0.01311530140294913
37.0 0.014279656035131821
37.1 0.015301333064438191
37.2 0.016170124231712928
37.300000000000004 0.016877348862796803
37.4 0.01741594060295338
37.5 0.01778051802154984
37.6 0.017967438381532804
37.7 0.017974834036452975
37.800000000000004 0.01780263109137107
37.9 0.017452550141191646
38.0 0.01692808907904748
38.1 0.016234488146507752
38.2 0.015378677574816414
38.300000000000004 0.014369208340312443
38.400000000000006 0.013216166725900839
38.5 0.011931073542248014
38.6 0.010526769015649518
38.7 0.009017284492733849
38.800000000000004 0.0074177022438847405
38.900000000000006 0.005744004766181097
39.0 0.004012915091569432
39.1 0.00224172969585605
39.2 4.481456780389904E-4
39.300000000000004 -0.001349916063255769
39.400000000000006 -0.0031344898894694
39.5 -0.00488774492883193
39.6 -0.006592163236539362
39.7 -0.00823071482826674
39.800000000000004 -0.009787027838142668
39.900000000000006 -0.011245552101021152
40.0 -0.012591714524591438
40.1 -0.013812064698899538
40.2 -0.0148944092883978
40.300000000000004 -0.015827933863723512
40.400000000000006 -0.016603310955902215
40.5 -0.01721279325333441
40.6 -0.01765029101037231
40.7 -0.01791143289404507
40.800000000000004 -0.017993609660973058
40.900000000000006 -0.017896000228065163
41.0 -0.017619579876509632
41.1 -0.017167110507086757
41.2 -0.01654311304416933
41.300000000000004 -0.015753822264140682
41.400000000000006 -0.014807124499570026
41.5 -0.013712478841584351
41.6 -0.012480822627756353
41.7 -0.011124462159843255
41.800000000000004 -0.009656949743287287
41.900000000000006 -0.008092948277059569
42.0 -0.006448084746820616
42.1 -0.00473879408524475
42.2 -0.0029821549596061774
42.300000000000004 -0.001195719127380588
42.400000000000006 6.026639351135949E-4
42.5 0.002395025378782207
42.6 0.004163456520556287
42.7 0.005890287781032715
42.800000000000004 0.007558265233071334
42.900000000000006 0.009150722997331414
43.0 0.010651749762228916
43.1 0.012046347764502675
43.2 0.013320582641906675
43.300000000000004 0.01446172266075194
43.400000000000006 0.01545836592718091
43.5 0.01630055431112183
43.6 0.01697987294463296
43.7 0.017489534300481065
43.800000000000004 0.017824446010870156
43.900000000000006 0.017981261748697127
44.0 0.017958414662946
44.1 0.01775613303414536
44.2 0.017376437993464763
44.300000000000004 0.016823123328240194
44.400000000000006 0.01610171757570506
44.5 0.015219428783673739
44.6 0.014185072490110168
44.7 0.013008983641186966
44.800000000000004 0.011702913327919288
44.900000000000006 0.010279911373147857
45.0 0.008754195942022956
45.1 0.007141011478797698
45.2 0.0054564763893808505
45.300000000000004 0.003717421991552598
45.400000000000006 0.0019412243420010868
45.5 1.4563062050788168E-4
45.6 -0.0016514181940064825
45.7 -0.003431966583812611
45.800000000000004 -0.005178223897970606
45.900000000000006 -0.006872742110633322
46.0 -0.008498590155952973
46.1 -0.01003952309769486
46.2 -0.011480144443269693
46.300000000000004 -0.012806059980398592
46.400000000000006 -0.014004021599323966
46.5 -0.015062059663542904
46.6 -0.01596960260645877
46.7 -0.016717582558979677
46.800000000000004 -0.017298525952669338
46.900000000000006 -0.017706628193172355
47.0 -0.017937811657802283
47.1 -0.017989766437799662
47.2 -0.0178619734181767
47.300000000000004 -0.017555709464542723
47.400000000000006 -0.01707403466508503
47.5 -0.016421761755179336
47.6 -0.015605408030128573
47.7 -0.01463313022650282
47.800000000000004 -0.013514643022723595
47.900000000000006 -0.012261121973208349
48.0 -0.01088509184592497
48.1 -0.009400301479049994
48.2 -0.007821586407122888
48.300000000000004 -0.006164720629288525
48.400000000000006 -0.004446259000712021
48.5 -0.0026833718219383463
48.6 -8.936732789245336E-4
48.7 9.049545520831828E-4
48.800000000000004 0.0026945403763446872
48.900000000000006 0.004457203243862382
49.0 0.006175331209922789
49.1 0.00783175730782687
49.2 0.009409931075545915
49.300000000000004 0.010894083922467764
49.400000000000006 0.01226938668394168
49.5 0.013522097789389578
49.6 0.01463970056353724
49.7 0.015611028288895646
49.800000000000004 0.016426375779911274
49.900000000000006 0.017077596353971946
50.0 0.017558183230366516
50.1 0.01786333454388702
50.2 0.01799000132347833
50.300000000000004 0.017936917956549246
50.400000000000006 0.017704614834555096
50.5 0.017295413053501674
50.6 0.016713401222321084
50.7 0.015964394610842973
50.800000000000004 0.01505587704554056
50.900000000000006 0.013996926133610373
51.0 0.012798122562521871
51.1 0.01147144438128543
51.2 0.01003014731974654
51.300000000000004 0.008488632341714635
51.400000000000006 0.006862301755293104
51.5 0.005167405318108177
51.6 0.0034208778751016935
51.7 0.001640170151159075
51.800000000000004 -1.5692561076575588E-4
51.900000000000006 -0.0019524534238605255
52.0 -0.00372847296773925
52.1 -0.005467238842193752
52.2 -0.007151377873365937
52.300000000000004 -0.008764062700758682
52.400000000000006 -0.010289179910659403
52.5 -0.011711491036043402
52.6 -0.01301678481429959
52.7 -0.014192019181468285
52.800000000000004 -0.015225451584233569
52.900000000000006 -0.016106756307634345
53.0 -0.016827127646194956
53.1 -0.017379367887623714
53.2 -0.017757959229974557
53.300000000000004 -0.017959118913700375
53.400000000000006 -0.017980837017735934
53.5 -0.017822896541964773
53.6 -0.017486875575412602
53.7 -0.01697613152850344
53.800000000000004 -0.01629576758692448
53.900000000000006 -0.015452581722281556
54.0 -0.014454998769014066
54.1 -0.013312986246233834
54.2 -0.0120379547655694
54.300000000000004 -0.010642644020106187
54.400000000000006 -0.009140995493584457
54.5 -0.007548013161702321
54.6 -0.00587961357734977
54.7 -0.004152466837674188
54.800000000000004 -0.0023838300219796065
54.900000000000006 -5.913747646948435E-4
55.0 0.001206989313756116
55.1 0.0029932935539617733
55.2 0.0047496897944275425
55.300000000000004 0.006458628704506094
55.400000000000006 0.008103035131508023
55.5 0.009666478709983111
55.6 0.011133338028501194
55.7 0.012488956713630749
55.800000000000004 0.01371978987157792
55.900000000000006 0.01481353942428785
56.0 0.015759276987775333
56.1 0.016547553064925405
56.2 0.017170491461744545
56.300000000000004 0.017621867983687787
56.400000000000006 0.017897172625753115
56.5 0.01799365463496063
56.6 0.01791034999496706
56.7 0.017648091058198343
56.800000000000004 0.017209498229259407
56.900000000000006 0.016598953782717484
57.0 0.01582255807686333
57.1 0.014888068600947425
57.2 0.013804822464912022
57.300000000000004 0.01258364310607482
57.400000000000006 0.011236732144921092
57.5 0.009777547470545227
57.6 0.008220668773871058
57.7 0.0065816518722001775
57.800000000000004 0.004876873280627127
57.900000000000006 0.0031233665833140236
58.0 0.0013386522395482988
58.1 -4.5943747489552035E-4
58.2 -0.002252936641960021
58.300000000000004 -0.004023925210819897
58.400000000000006 -0.00575470804910609
58.5 -0.007427991746819065
58.6 -0.009027057406365568
58.7 -0.010535927692256116
58.800000000000004 -0.011939526471360293
58.900000000000006 -0.013223829448645365
59.0 -0.014376004293296338
59.1 -0.015384538855123996
59.2 -0.016239356190163666
59.300000000000004 -0.016931915246168678
59.400000000000006 -0.017455296201981017
59.5 -0.01780426960809693
59.6 -0.017975348637597827
59.7 -0.017966823925372112
59.800000000000004 -0.017778780647526447
59.900000000000006 -0.017413097670334228
60.0 -0.016873428777224874
60.1 -0.01616516616138745
60.2 -0.015295386548758933
60.300000000000004 -0.014272780489717798
60.400000000000006 -0.013107565525977362
60.5 -0.011811384100286558
60.6 -0.010397187228990093
60.7 -0.008879105099754711
60.800000000000004 -0.007272305887404501
60.900000000000006 -0.005592844198532064
61.0 -0.003857500659176512
61.1 -0.0020836142483545324
61.2 -2.889090527142924E-4
61.300000000000004 0.001508682826680033
61.400000000000006 0.003291200445974409
61.5 0.0050408334783387096
61.6 0.006740100168865585
61.7 0.008372022006486053
61.800000000000004 0.009920293367640247
61.900000000000006 0.011369444436677981
62.0 0.012704995775142999
62.1 0.01391360299553612
62.2 0.01498319009402351
62.300000000000004 0.01590307010987557
62.400000000000006 0.01666405190604581
62.5 0.017258532003973998
62.6 0.017680570555030722
62.7 0.01792595068952116
62.800000000000004 0.01799222065025338
62.900000000000006 0.017878718289685677
63.0 0.017586577685885982
63.1 0.017118717811198576
63.2 0.016479813366837435
63.300000000000004 0.015676248074816886
63.400000000000006 0.01471605089391143
63.5 0.013608815796953767
63.6 0.01236560591102928
63.7 0.01099884297836765
63.800000000000004 0.009522183242400274
63.900000000000006 0.007950380999090127
64.0 0.006299141176883739
64.10000000000001 0.0045849624182569245
64.2 0.002824972230734205
64.3 0.0010367558544936587
64.4 -7.618194435393209E-4
64.5 -0.0025527828935162284
64.60000000000001 -0.004318239780659206
64.7 -0.006040550243333881
64.8 -0.007702505524717608
64.9 -0.009287499917008397
65.0 -0.01077969668016752
65.10000000000001 -0.012164186277392582
65.2 -0.013427135346279128
65.3 -0.014555924917206515
65.4 -0.015539276497910386
65.5 -0.01636736476444889
65.60000000000001 -0.017031915732592585
65.7 -0.017526289428738948
65.8 -0.017845546234334403
65.9 -0.017986496240909713
66.0 -0.017947731122591022
66.10000000000001 -0.017729638207626512
66.2 -0.017334396608330638
66.3 -0.01676595544811404
66.4 -0.016029994403147823
66.5 -0.015133866952917121
66.60000000000001 -0.014086526906684034
66.7 -0.01289843893998623
66.8 -0.01158147403505714
66.9 -0.010148790869895893
67.0 -0.008614704341107091
67.10000000000001 -0.006994542534184372
67.2 -0.005304493570348678
67.3 -0.003561443860190516
67.4 -0.0017828093802379006
67.5 1.3638341723370243E-5
67.60000000000001 0.001809949793882632
67.7 0.003588176825991022
67.8 0.005330551981347677
67.9 0.007019666023353165
68.0 0.008638641882846155
68.10000000000001 0.010171303288201317
68.2 0.011602336393286413
68.3 0.012917442788352312
68.4 0.014103482365016051
68.5 0.015148604607879831
68.60000000000001 0.016042367000964734
68.7 0.01677583936587737
68.8 0.0173416930892014
68.9 0.017734274347579793
69.0 0.01794966059884882
69.10000000000001 0.0179856997747831
69.2 0.017842031783849646
69.3 0.01752009210912357
69.4 0.017023097465415533
69.5 0.016356013658921028
69.60000000000001 0.015525505970525766
69.7 0.014539872558523088
69.8 0.013408961546158527
69.9 0.012144072622437958
70.0 0.010757844139370868
70.10000000000001 0.009264126833733462
70.2 0.007677845435086792
70.3 0.006014849542811016
70.4 0.004291755262148145
70.5 0.00252577918157181
70.60000000000001 7.345663503245497E-4
70.7 -0.001063986025079547
70.8 -0.0028519074038280694
70.9 -0.004611333466513043
71.0 -0.006324684609504553
71.10000000000001 -0.007974841594540902
71.2 -0.009545316598496518
71.3 -0.011020417954262132
71.4 -0.012385406936694803
71.5 -0.013626645027087046
71.60000000000001 -0.014731730184738771
71.7 -0.015689620764047
71.8 -0.016490745838979977
71.9 -0.017127100832605796
72.0 -0.017592327496178957
72.10000000000001 -0.017881777438660665
72.2 -0.017992558571904987
72.3 -0.017923564007447972
72.4 -0.017675483116171054
72.5 -0.01725079464033531
72.60000000000001 -0.016653741926807818
72.7 -0.01589029052894293
72.8 -0.014968068600744556
72.9 -0.01389629067887305
73.0 -0.012685665614041382
73.10000000000001 -0.011348289571717568
73.2 -0.009897525171239135
73.3 -0.008347867970936534
73.4 -0.0067148016333063824
73.5 -0.005014643217374781
73.60000000000001 -0.003264380144035589
73.7 -0.0014815004633580524
73.8 3.1618188023041244E-4
73.9 0.002110705038987703
74.0 0.003884138730701499
74.10000000000001 0.005618763392143935
74.2 0.007297247227088068
74.3 0.008902819379888375
74.4 0.010419437504325876
74.5 0.011831948053428066
74.60000000000001 0.013126237688702622
74.7 0.014289374295948782
74.8 0.015309736198668987
74.9 0.016177128278018166
75.0 0.016882883839060923
75.10000000000001 0.017419951205523285
75.2 0.01778296417781028
75.3 0.017968295650299036
75.4 0.017974093852178873
75.5 0.017800300849733244
75.60000000000001 0.0174486531251942
75.7 0.016922664226386157
75.8 0.01622758966051715
75.9 0.015370374382888104
76.0 0.014359583405195634
76.10000000000001 0.013205316216765486
76.2 0.011919105873794774
76.3 0.010513803764865692
76.4 0.009003451204119323
76.5 0.007403139135086892
76.60000000000001 0.0057288573469688785
76.7 0.003997334709948657
76.80000000000001 0.0022258720258495576
76.9 4.3216916424388915E-4
77.0 -0.0013658517887947712
77.10000000000001 -0.0031502256022506218
77.2 -0.004903123402814669
77.30000000000001 -0.0066070308150951475
77.4 -0.008244922959464976
77.5 -0.009800434559033018
77.60000000000001 -0.011258023456080363
77.7 -0.012603125904162136
77.80000000000001 -0.013822302084249232
77.9 -0.014903370390955946
78.0 -0.01583552914711551
78.10000000000001 -0.016609464530567206
78.2 -0.017217443634788384
78.30000000000001 -0.01765339173354101
78.4 -0.01791295297752751
78.5 -0.01799353391659758
78.60000000000001 -0.017894329412644527
78.7 -0.017616330684279227
78.80000000000001 -0.017162315402901265
78.9 -0.0165368199391248
79.0 -0.015746094036862522
79.10000000000001 -0.014798038367950461
79.2 -0.01370212559124711
79.30000000000001 -0.012469305704956381
79.4 -0.01111189663786637
79.5 -0.009643461172675486
79.60000000000001 -0.00807867143115146
79.7 -0.006433162275141324
79.80000000000001 -0.004723375088198457
79.9 -0.0029663934987147747
80.0 -0.0011797726859512595
80.10000000000001 6.186360255095343E-4
80.2 0.002410863530297064
80.30000000000001 0.004179002483615646
80.4 0.005905386225512253
80.5 0.007572765300304702
80.60000000000001 0.009164479807440132
80.7 0.010664625861713656
80.80000000000001 0.012058214499633756
80.9 0.013331321444189099
81.0 0.014471226231623096
81.10000000000001 0.015466539310102265
81.2 0.016307315840352925
81.30000000000001 0.016985155061208814
81.4 0.01749328422723881
81.5 0.017826626279781217
81.60000000000001 0.017981850575235277
81.7 0.017957406163751095
81.80000000000001 0.017753537285807967
81.9 0.01737228093184427
82.0 0.016817446489322194
82.10000000000001 0.016094577680587425
82.2 0.015210897171828386
82.30000000000001 0.014175234406582407
82.4 0.012997937384855524
82.5 0.011690769269326037
82.60000000000001 0.010266790851711779
82.7 0.008740230053657266
82.80000000000001 0.007126339766042323
82.9 0.0054412454471400515
83.0 0.0037017840023665723
83.10000000000001 0.0019253355554883003
83.2 1.2964979217116077E-4
83.30000000000001 -0.001667331389013084
83.4 -0.003447653146104537
83.5 -0.005193527092602728
83.60000000000001 -0.006887509033143685
83.7 -0.008512673260133023
83.80000000000001 -0.010052781669822994
83.9 -0.011492446008075696
84.0 -0.012817281624713295
84.10000000000001 -0.014014051200186938
84.2 -0.015070797008497581
84.30000000000001 -0.0159769603948426
84.4 -0.01672348727420318
84.5 -0.017302918596769856
84.60000000000001 -0.017709464876302126
84.7 -0.01793906403676112
84.80000000000001 -0.017989421999230988
84.9 -0.017860035603596842
85.0 -0.017552197635954433
85.10000000000001 -0.017068983911518648
85.2 -0.01641522254209497
85.30000000000001 -0.01559744569518172
85.4 -0.014623824326712397
85.5 -0.013504086539564211
85.60000000000001 -0.012249420383570053
85.7 -0.01087236206822348
85.80000000000001 -0.00938667070501609
85.9 -0.007807190830945198
86.0 -0.006149704086805685
86.10000000000001 -0.00443077153225247
86.2 -0.002667568173167577
86.30000000000001 -8.777113546769431E-4
86.4 9.209152655365691E-4
86.5 0.0027103404048309547
86.60000000000001 0.004472684718719942
86.7 0.0061903394453722334
86.80000000000001 0.007846142346540767
86.9 0.009423549186972267
87.0 0.010906799038938764
87.10000000000001 0.012281071760216807
87.2 0.013532636072049164
87.30000000000001 0.014648986757544518
87.4 0.015618969609669554
87.5 0.016432892880399716
87.60000000000001 0.017082624117461205
87.7 0.017561671421105717
87.80000000000001 0.017865248309027356
87.9 0.017990321541311097
88.0 0.017935641427563733
88.10000000000001 0.01770175431340694
88.2 0.017290997121572633
88.30000000000001 0.016707474002143237
88.4 0.015957015325241148
88.5 0.01504711942589725
88.60000000000001 0.013986877683166027
88.7 0.012786883682071827
88.80000000000001 0.011459127366007963
88.9 0.010016875237187034
89.0 0.008474537802134873
89.10000000000001 0.006847525586673307
89.2 0.005152095159040957
89.30000000000001 0.003405186699635456
89.4 0.001624254740332517
89.5 -1.7290623542858924E-4
89.60000000000001 -0.00196833958924075
89.7 -0.0037441059445235264
89.80000000000001 -0.005482462430845748
89.9 -0.00716603996481985
90.0 -0.008778016796243356
90.10000000000001 -0.01030228658546559
90.2 -0.011723619332608817
90.30000000000001 -0.013027813550694121
90.4 -0.014201838162203318
90.5 -0.015233962701299343
90.60000000000001 -0.016113874520762676
90.7 -0.016832781832553167
90.80000000000001 -0.01738350155245077
90.9 -0.01776053107105785
91.0 -0.017960103234053962
91.10000000000001 -0.01798022398235623
91.2 -0.017820692276098647
91.30000000000001 -0.017483102103355914
91.4 -0.01697082655354171
91.5 -0.01628898411461395
91.60000000000001 -0.015444387530835126
91.7 -0.014445475732084087
91.80000000000001 -0.013302229514857326
91.9 -0.012026071817450745
92.0 -0.010629753585735025
92.10000000000001 -0.009127226369919805
92.2 -0.0075335029252764744
92.30000000000001 -0.005864507209648529
92.4 -0.0041369152765303625
92.5 -0.0023679886534514875
92.60000000000001 -5.754018705000525E-4
92.7 0.001222934137738595
92.80000000000001 0.0030090509923214916
92.9 0.004765102404048875
93.0 0.006473542487688444
93.10000000000001 0.008117301074659909
93.2 0.009679954272516136
93.30000000000001 0.011145888567049057
93.4 0.012500456827360734
93.5 0.01373012465515509
93.60000000000001 0.01482260561597109
93.7 0.015766984001174142
93.80000000000001 0.01655382389410956
93.9 0.017175263450661594
94.0 0.017625093452201902
94.10000000000001 0.017898819346049158
94.2 0.017993706153553713
94.30000000000001 0.01790880579710041
94.4 0.017644966572986632
94.5 0.01720482467552607
94.60000000000001 0.016592777857066487
94.7 0.01581494148710232
94.80000000000001 0.014879087449523513
94.9 0.013794566488521606
95.0 0.012572214779043836
95.10000000000001 0.011224245655315351
95.2 0.009764127579241475
95.30000000000001 0.008206449567987063
95.4 0.006566775425341114
95.5 0.004861488233332521
95.60000000000001 0.003107626657890576
95.7 0.0013227147041280367
95.80000000000001 -4.7541337772705433E-4
95.9 -0.002268791286262411
96.0 -0.0040395001822281255
96.10000000000001 -0.005769847727654494
96.2 -0.007442544861843979
96.30000000000001 -0.00904087854795239
96.4 -0.010548878764126557
96.5 -0.011951478070685292
96.60000000000001 -0.013234662158995329
96.7 -0.014385609877810172
96.80000000000001 -0.01539282133797649
96.9 -0.016246232815523853
97.0 -0.01693731730506909
97.10000000000001 -0.01745916971883489
97.2 -0.01780657588000423
97.30000000000001 -0.017976064621052015
97.4 -0.017965942466503175
97.5 -0.01777631055358006
97.60000000000001 -0.017409063621672553
97.7 -0.016867871080728687
97.80000000000001 -0.01615814034772295
97.9 -0.015286962817533941
98.0 -0.014263043008070225
98.10000000000001 -0.01309661158760489
98.2 -0.01179932315332059
98.30000000000001 -0.010384139782425791
98.4 -0.008865201519365441
98.5 -0.007257685093169613
98.60000000000001 -0.005577652276594327
98.7 -0.0038418894021982637
98.80000000000001 -0.0020677396388549775
98.9 -2.729297045443547E-4
99.0 0.0015246072531555094
99.10000000000001 0.0033069108391502507
99.2 0.005056172865159341
99.30000000000001 0.00675491528324854
99.4 0.008386164820705406
99.5 0.009933622571371325
99.60000000000001 0.011381826848923365
99.7 0.012716307674932505
99.80000000000001 0.01392373135810635
99.9 0.014992033720123492
100.0 0.01591054063691665
