0.1 0.10407954690248815
0.2 0.11502568840312025
0.30000000000000004 0.1271230456547598
0.4 0.14049269307484336
0.5 0.1552684385884448
0.6000000000000001 0.17159816282296386
0.7000000000000001 0.18964529914714942
0.8 0.20959046936718598
0.9 0.23163329145043882
1.0 0.2559943773691655
1.1 0.28291754105928446
1.2000000000000002 0.3126722385921942
1.3 0.3455562649817031
1.4000000000000001 0.38189873461662066
1.5 0.4220633751481787
1.6 0.46645216779861914
1.7000000000000002 0.5155093705243761
1.8 0.5697259642990238
1.9000000000000001 0.6296445670158859
2.0 0.69586486419029
2.1 0.7690496108137688
2.2 0.8499312644287723
2.3000000000000003 0.9393193158099425
2.4000000000000004 1.0381083906198634
2.5 1.147287203123387
2.6 1.2679484515723158
2.7 1.4012997542967722
2.8000000000000003 1.5486757359553434
2.9000000000000004 1.7115513849072461
3.0 1.8915568153915867
3.1 2.0904935822585684
3.2 2.3103527115359515
3.3000000000000003 2.5533346272867496
3.4000000000000004 2.821871174192839
3.5 3.118649956273905
3.6 3.4466412353318097
3.7 3.8091276583290408
3.8000000000000003 4.209737111222848
3.9000000000000004 4.6524790280672805
4.0 5.141784518776811
4.1000000000000005 5.682550717163723
4.2 6.28018979309926
4.3 6.940683119328818
4.4 7.670641135060783
4.5 8.477369505463951
4.6000000000000005 9.368942239220099
4.7 10.354282495916587
4.800000000000001 11.443251892026748
4.9 12.646749199282088
5.0 13.976819423243041
5.1000000000000005 15.446774353763065
5.2 17.07132579385569
5.300000000000001 18.866732800363984
5.4 20.850964410066194
5.5 23.0438794798355
5.6000000000000005 25.46742544075439
5.7 28.145857955381626
5.800000000000001 31.1059836765759
5.9 34.37742853748748
6.0 37.992934257855
6.1000000000000005 41.988686034141345
6.2 46.4046746931421
6.300000000000001 51.28509693362166
6.4 56.678797661729206
6.5 62.63975884723712
6.6000000000000005 69.22763979323825
6.7 76.50837422650332
6.800000000000001 84.55483018437995
6.9 93.44753930260163
7.0 103.27550280296637
7.1000000000000005 114.13708224747853
7.2 126.1409839739215
7.300000000000001 139.40734706542446
7.4 154.06894574278553
7.5 170.27251821350137
7.6000000000000005 188.18023527706782
7.7 207.97132338484835
7.800000000000001 229.84385839864038
7.9 254.01674800047445
8.0 280.7319225942747
8.1 310.2567566266561
8.200000000000001 342.8867445602548
8.3 378.9484582816267
8.4 418.8028155424565
8.5 462.84869214572257
8.6 511.5269140288008
8.700000000000001 565.3246691976135
8.8 624.780383667938
8.9 690.4891102139502
9.0 763.1084838563881
9.1 843.3653036948797
9.200000000000001 932.0628069576189
9.3 1030.0887080695165
9.4 1138.4240831965449
9.5 1258.1531891857526
9.600000000000001 1390.4743151722241
9.700000000000001 1536.7117754594938
9.8 1698.3291637022264
9.9 1876.9440010434357
10.0 2074.3439248097525
10.100000000000001 2292.5045797866396
10.200000000000001 2533.6093911354264
10.3 2800.071416846221
10.4 3094.557498433316
10.5 3420.0149515814264
10.600000000000001 3779.701063871692
10.700000000000001 4177.2156948105785
10.8 4616.537304433809
10.9 5102.062771071587
11.0 5638.651396784766
11.100000000000001 6231.673540893162
11.200000000000001 6887.064368336615
11.3 7611.383250800654
11.4 8411.879415112964
11.5 9296.564495942031
11.600000000000001 10274.29271892974
11.700000000000001 11354.84951675752
11.8 12549.049465045728
11.9 13868.844518261296
12.0 15327.443628895244
12.100000000000001 16939.444947098917
12.200000000000001 18720.981923877196
12.3 20689.884780088956
12.4 22865.85895729027
12.5 25270.68233641675
12.600000000000001 27928.42319813579
12.700000000000001 30865.681106288936
12.8 34111.8531252675
12.9 37699.42803571352
13.0 41664.31149315631
13.100000000000001 46046.185383881384
13.200000000000001 50888.90497458563
13.3 56240.937830627176
13.4 62155.848895709634
13.5 68692.83658784263
13.600000000000001 75917.32527700657
13.700000000000001 83901.6200742369
13.8 92725.63048547854
13.9 102477.67017277954
14.0 113255.34082710414
14.100000000000001 125166.50899886123
14.200000000000001 138330.38566259525
14.3 152878.71932048874
14.4 168957.1145856537
14.5 186726.48944203925
14.600000000000001 206364.68576570152
14.700000000000001 228068.2492260728
14.8 252054.3963810844
14.9 278563.18865348614
15.0 307859.934946253
15.100000000000001 340237.84694326005
15.200000000000001 376020.97367036424
15.3 415567.4446869753
15.4 459273.0543670552
15.5 507575.223142245
15.600000000000001 560957.3753525674
15.700000000000001 619953.7775197024
15.8 685154.8854659151
15.9 757213.2537943802
16.0 836850.0668749833
16.1 924862.3566998937
16.2 1022130.9798476264
16.3 1129629.4333917643
16.400000000000002 1248433.5979868514
16.5 1379732.5056436097
16.6 1524840.239960964
16.7 1685209.0879163458
16.8 1862444.0748419354
16.900000000000002 2058319.0280576148
17.0 2274794.329931004
17.1 2514036.538043129
17.2 2778440.0688248416
17.3 3070651.16168132
17.400000000000002 3393594.363445403
17.5 3750501.7982252915
17.6 4144945.5155890184
17.7 4580873.240837044
17.8 5062647.88516405
17.900000000000002 5595091.211140498
18.0 6183532.090533118
18.1 6833859.8374447245
18.2 7552583.150549065
18.3 8346895.25433499
18.400000000000002 9224745.89131468
18.5 1.0194920885718782E7
18.6 1.1267130074978437E7
18.7 1.2452104489041634E7
18.8 1.3761703750128055E7
18.900000000000002 1.5209034767814126E7
19.0 1.6808582917389546E7
19.1 1.857635701436208E7
19.200000000000003 2.0530049536063567E7
19.3 2.2689213693909843E7
19.400000000000002 2.5075459128512934E7
19.5 2.771266818622696E7
19.6 3.0627234941698283E7
19.700000000000003 3.384832935863529E7
19.8 3.7408189232609786E7
19.900000000000002 4.134244283775098E7
20.0 4.569046550648713E7
20.1 5.049577371110816E7
20.200000000000003 5.580646059124564E7
20.3 6.167567728617926E7
20.400000000000002 6.81621648893042E7
20.5 7.533084234873584E7
20.6 8.325345619796437E7
20.700000000000003 9.200929861927514E7
20.8 1.016860010265605E8
20.900000000000002 1.1238041110996528E8
21.0 1.2419956212011877E8
21.1 1.372617440928853E8
21.200000000000003 1.5169768773579884E8
21.3 1.6765187282492536E8
21.400000000000002 1.8528397420702475E8
21.5 2.0477045987908173E8
21.6 2.2630635713933763E8
21.700000000000003 2.5010720448603752E8
21.8 2.764112087991672E8
21.900000000000002 3.054816293949756E8
22.0 3.3760941281368923E8
22.1 3.731161047102858E8
22.200000000000003 4.1235706799147654E8
22.3 4.557250394071214E8
22.400000000000002 5.036540601916298E8
22.5 5.566238200945098E8
22.6 6.151644582766244E8
22.700000000000003 6.798618691210864E8
22.8 7.513635660611752E8
22.900000000000002 8.303851621124227E8
23.0 9.177175319681797E8
23.1 1.0142347273393922E9
23.200000000000003 1.1209027247578816E9
23.3 1.2387890933941605E9
23.400000000000002 1.3690736796485255E9
23.5 1.513060415450363E9
23.6 1.6721903684472008E9
23.700000000000003 1.8480561646940508E9
23.8 2.04241792819028E9
23.900000000000002 2.2572208967922173E9
24.0 2.494614890807386E9
24.1 2.7569758291187844E9
24.200000000000003 3.0469295081795807E9
24.3 3.3673778818666015E9
24.400000000000002 3.721528105210147E9
24.5 4.1129246326794147E9
24.6 4.545484692274261E9
24.700000000000003 5.023537490459555E9
24.8 5.551867540318609E9
24.900000000000002 6.135762546568314E9
25.0 6.781066326685062E9
25.1 7.4942372977944E9
25.200000000000003 8.28241311468021E9
25.3 9.153482105832893E9
25.400000000000002 1.0116162222492365E10
25.5 1.1180088290834047E10
25.6 1.235590844054788E10
25.700000000000003 1.3655390674898962E10
25.8 1.5091540648859692E10
25.900000000000002 1.6678731834076244E10
26.0 1.8432849373403534E10
26.1 2.0371449064754536E10
26.200000000000003 2.2513933065426098E10
26.3 2.4881744075410587E10
26.400000000000002 2.7498579943144863E10
26.5 3.0390630841541935E10
26.6 3.358684138804504E10
26.700000000000003 3.7119200332086945E10
26.8 4.102306070924632E10
26.900000000000002 4.533749366631086E10
27.0 5.010567949844552E10
27.1 5.537533981210127E10
27.200000000000003 6.119921513889101E10
27.3 6.7635592780557106E10
27.400000000000002 7.474889016787904E10
27.5 8.261029957197046E10
27.6 9.1298500620459E10
27.700000000000003 1.0090044774964291E11
27.8 1.1151224047371652E11
27.900000000000002 1.2324008518100986E11
28.0 1.3620135808321739E11
28.1 1.505257799559796E11
28.200000000000003 1.6635671442800314E11
28.3 1.8385260281244418E11
28.400000000000002 2.031885498408266E11
28.5 2.2455807617004535E11
28.6 2.4817505520215057E11
28.700000000000003 2.7427585360123566E11
28.8 3.031216969304589E11
28.900000000000002 3.35001284085284E11
29.0 3.7023367668905334E11
29.1 4.091714923689642E11
29.200000000000003 4.5220443387179156E11
29.3 4.9976318933996533E11
29.400000000000002 5.52323742783264E11
29.5 6.104121378867563E11
29.6 6.746097428328263E11
29.700000000000003 7.455590688293323E11
29.8 8.239702005777363E11
29.900000000000002 9.106279030394738E11
30.0 1.0063994756274349E12
30.1 1.1122434324300242E12
30.200000000000003 1.229219095342301E12
30.3 1.3584971961155652E12
30.400000000000002 1.5013715934342344E12
30.5 1.6592722222884072E12
30.6 1.8337794052439016E12
30.700000000000003 2.0266396688416208E12
30.8 2.239783223422216E12
30.900000000000002 2.475343281319967E12
31.0 2.735677406768768E12
31.1 3.0233911111974507E12
31.200000000000003 3.3413639300638438E12
31.3 3.6927782422135044E12
31.400000000000002 4.0811511201968804E12
31.5 4.510369530313435E12
31.6 4.984729234676934E12
31.700000000000003 5.508977784646435E12
31.8 6.088362035916034E12
31.900000000000002 6.728680660810252E12
32.0 7.436342183345508E12
32.1 8.218429117892632E12
32.2 9.082768853361049E12
32.300000000000004 1.0038011992337941E13
32.4 1.109371892922642E13
32.5 1.2260455533886371E13
32.6 1.3549898898410873E13
32.7 1.4974954205388975E13
32.800000000000004 1.6549883887310535E13
32.9 1.8290450369784246E13
33.0 2.0214073827191555E13
33.1 2.2340006529646242E13
33.2 2.4689525526185137E13
33.300000000000004 2.7286145592626203E13
33.4 3.0155854575348312E13
33.5 3.332737348639346E13
33.6 3.6832443953007516E13
33.7 4.07061458985152E13
33.800000000000004 4.4987248633983375E13
33.9 4.971859887451655E13
34.0 5.494754956358439E13
34.1 6.07264337971938E13
34.2 6.7113088591104805E13
34.300000000000004 7.417143373312367E13
34.4 8.197211151382288E13
34.5 9.059319373833112E13
34.6 1.0012096309519656E14
34.7 1.1065077670253658E14
34.800000000000004 1.2228802047412602E14
34.9 1.3514916385704266E14
35.0 1.493629254970442E14
35.1 1.6507156149803312E14
35.2 1.8243228916896225E14
35.300000000000004 2.016188605075043E14
35.4 2.2282330116844322E14
35.5 2.4625783232097528E14
35.6 2.7215699462949153E14
35.7 3.007799956153847E14
35.800000000000004 3.3241330389304444E14
35.9 3.6737351624403306E14
36.0 4.0601052622409744E14
36.1 4.4871102601546325E14
36.2 4.95902376572176E14
36.300000000000004 5.4805688479216806E14
36.4 6.056965305234364E14
36.5 6.693981907138216E14
36.6 7.397994129893728E14
36.7 8.176047964452915E14
36.800000000000004 9.03593043510497E14
36.9 9.986247534632589E14
37.0 1.1036510355980588E15
37.1 1.2197230282470475E15
37.2 1.3480024189258005E15
37.300000000000004 1.489773070892423E15
37.4 1.6464538724825465E15
37.5 1.8196129378207438E15
37.6 2.0109833010336805E15
37.7 2.2224802610381922E15
37.800000000000004 2.4562205504965875E15
37.9 2.714543520788571E15
38.0 3.00003455502621E15
38.1 3.315550943436988E15
38.2 3.664250480084841E15
38.300000000000004 4.049623067134502E15
38.400000000000006 4.475525642965364E15
38.5 4.946220783707106E15
38.6 5.46641936453444E15
38.7 6.041327707689033E15
38.800000000000004 6.676699689102546E15
38.900000000000006 7.378894325120863E15
39.0 8.154939415676964E15
39.1 9.012601880875008E15
39.2 9.960465494936956E15
39.300000000000004 1.10080167955003E16
39.400000000000006 1.2165740028075234E16
39.5 1.3445222075897484E16
39.6 1.4859268425350608E16
39.7 1.642203132757724E16
39.800000000000004 1.8149151438965608E16
39.900000000000006 2.0057914358095612E16
40.0 2.2167423625819116E16
40.1 2.4498791919918348E16
40.2 2.707535235788046E16
40.300000000000004 2.9922892022580436E16
40.400000000000006 3.306991004807374E16
40.5 3.6547902848508536E16
40.6 4.0391679344825808E16
40.7 4.4639709344138376E16
40.800000000000004 4.9334508558491544E16
40.900000000000006 5.4523064116399072E16
41.0 6.0257304825817824E16
41.1 6.6594620895113328E16
41.2 7.3598438313552208E16
41.300000000000004 8.1338853639922528E16
41.400000000000006 8.9893335552454048E16
41.5 9.9347500181387328E16
41.6 1.09795967983984544E17
41.7 1.213433107378648E17
41.800000000000004 1.34105098130504816E17
41.900000000000006 1.4820905441951504E17
42.0 1.63796336739938112E17
42.1 1.810229478523056E17
42.2 2.0006129747069296E17
42.300000000000004 2.21101927797091264E17
42.400000000000006 2.44355420531807264E17
42.5 2.70054504445896864E17
42.6 2.9845638460893632E17
42.7 3.2984531658379718E17
42.800000000000004 3.6453545135186829E17
42.900000000000006 4.0287397944166547E17
43.0 4.4524460572833248E17
43.1 4.9207138968101165E17
43.2 5.4382298949252416E17
43.300000000000004 6.0101735256809715E17
43.400000000000006 6.6422689931707994E17
43.5 7.3408425212879386E17
43.6 8.1128856687005542E17
43.7 8.9661253027205683E17
43.800000000000004 9.9091009323889997E17
43.900000000000006 1.09512501747526221E18
44.0 1.21030032097073818E18
44.1 1.33758871687448371E18
44.2 1.47826415023580288E18
44.300000000000004 1.63373454807442176E18
44.400000000000006 1.80555591038731418E18
44.5 1.99544788311964851E18
44.6 2.20531096895945293E18
44.7 2.4372455482072177E18
44.800000000000004 2.6935729000879601E18
44.900000000000006 2.9768584348938993E18
45.0 3.2899373694729078E18
45.1 3.6359431030317599E18
45.2 4.0183385772484352E18
45.300000000000004 4.4409509345564508E18
45.400000000000006 4.9080098214726656E18
45.5 5.4241897203212093E18
45.6 5.9946567330238894E18
45.7 6.625120285184385E18
45.800000000000004 7.3218902679388334E18
45.900000000000006 8.0919401894671217E18
46.0 8.9429769682065572E18
46.1 9.883518066282228E18
46.2 1.0922976735130393E19
46.300000000000004 1.2071756226483016E19
46.400000000000006 1.3341353911607667E19
46.5 1.4744476350863493E19
46.6 1.6295166465228507E19
46.7 1.800894408257212E19
46.800000000000004 1.9902961265309258E19
46.900000000000006 2.199617397400592E19
47.0 2.4309531785003647E19
47.1 2.6866187560821658E19
47.2 2.969172917178586E19
47.300000000000004 3.2814435588036112E19
47.400000000000006 3.626555990496413E19
47.5 4.007964213469638E19
47.6 4.429485489414586E19
47.7 4.895338544939085E19
47.800000000000004 5.410185794001441E19
47.900000000000006 5.979180000916407E19
48.0 6.6080158509523E19
48.1 7.302986944655396E19
48.2 8.071048786319285E19
48.300000000000004 8.919888397009836E19
48.400000000000006 9.858001248855692E19
48.5 1.0894776290588664E20
48.6 1.2040589915298691E20
48.7 1.3306909810863056E20
48.800000000000004 1.4706409732421388E20
48.900000000000006 1.6253096345576807E20
49.0 1.796244940981297E20
49.1 1.9851576705130404E20
49.2 2.1939385252458142E20
49.300000000000004 2.4246770541474523E20
49.400000000000006 2.6796825659691005E20
49.5 2.961507241583361E20
49.6 3.272971677068366E20
49.7 3.617193113181243E20
49.800000000000004 3.997616633751431E20
49.900000000000006 4.418049645237555E20
50.0 4.88269998253095E20
50.1 5.3962180223816866E20
50.2 5.963743225931933E20
50.300000000000004 6.590955576170628E20
50.400000000000006 7.284132425112312E20
50.5 8.050211319645922E20
50.6 8.896859434836066E20
50.7 9.832550309587777E20
50.800000000000004 1.0866648652672133E21
50.900000000000006 1.2009504067879177E21
51.0 1.327255463633118E21
51.1 1.4668441392643344E21
51.2 1.62111348406465E21
51.300000000000004 1.7916074774885433E21
51.400000000000006 1.9800324807272114E21
51.5 2.1882743145448819E21
51.6 2.418417133206929E21
51.7 2.6727642833961815E21
51.800000000000004 2.953861356880763E21
51.900000000000006 3.264521667652095E21
52.0 3.6078544085168895E21
52.1 3.987295768943889E21
52.2 4.40664332560287E21
52.300000000000004 4.870094049788456E21
52.400000000000006 5.382286312119464E21
52.5 5.948346304911026E21
52.6 6.573939346830413E21
52.7 7.265326583310202E21
52.800000000000004 8.029427650196356E21
52.900000000000006 8.873889927789509E21
53.0 9.807165078397319E21
53.1 1.083859363341181E22
53.2 1.1978498476486617E22
53.300000000000004 1.3238288158426478E22
53.400000000000006 1.4630571077798189E22
53.5 1.6169281670021147E22
53.6 1.7869819867881038E22
53.7 1.9749205229232565E22
53.800000000000004 2.1826247274455363E22
53.900000000000006 2.412173373845597E22
54.0 2.6658638621305557E22
54.1 2.946235211975522E22
54.2 3.2560934740857926E22
54.300000000000004 3.5985398140955257E22
54.400000000000006 3.977001550075728E22
54.5 4.395266454285441E22
54.6 4.857520662469744E22
54.7 5.368390570113123E22
54.800000000000004 5.932989134960578E22
54.900000000000006 6.556967049217233E22
55.0 7.246569293575139E22
55.1 8.008697639079246E22
55.2 8.850979722371493E22
55.300000000000004 9.781845385642258E22
55.400000000000006 1.0810611045324308E23
55.5 1.1947572933919734E23
55.6 1.3204110148155848E23
55.7 1.4592798534809395E23
55.800000000000004 1.6127536554008288E23
55.900000000000006 1.7823684379691932E23
56.0 1.96982176293946E23
56.1 2.176989726193197E23
56.2 2.4059457343381917E23
56.300000000000004 2.6589812560587313E23
56.400000000000006 2.9386287559043707E23
56.5 3.247687040046313E23
56.6 3.5892492676703716E23
56.7 3.966733908353616E23
56.800000000000004 4.383918955256974E23
56.900000000000006 4.844979736550591E23
57.0 5.354530703501496E23
57.1 5.917671613452999E23
57.2 6.540038569910061E23
57.300000000000004 7.227860430557656E23
57.400000000000006 7.988021147762062E23
57.5 8.828128665479837E23
57.6 9.756591062118307E23
57.7 1.0782700701409963E24
57.800000000000004 1.1916727233512194E24
57.900000000000006 1.3170020377117763E24
58.0 1.4555123511254143E24
58.1 1.6085899213637207E24
58.2 1.7777668002007796E24
58.300000000000004 1.9647361667023048E24
58.400000000000006 2.171369273130818E24
58.5 2.3997341730672242E24
58.6 2.652116419186213E24
58.7 2.9310419378355304E24
58.800000000000004 3.239302309355923E24
58.900000000000006 3.579982707155456E24
59.0 3.9564927751619153E24
59.1 4.372600752685367E24
59.2 4.8324711882235615E24
59.300000000000004 5.340706619663156E24
59.400000000000006 5.902393638025828E24
59.5 6.523153795780829E24
59.6 7.209199869231755E24
59.7 7.967398038069708E24
59.800000000000004 8.805336604407625E24
59.900000000000006 9.731401939058296E24
60.0 1.0754862415152133E25
60.1 1.1885961169130976E25
60.2 1.3136018617499997E25
60.300000000000004 1.4517545755361292E25
60.400000000000006 1.6044369370657883E25
60.5 1.7731770427314672E25
60.6 1.9596637002262006E25
60.7 2.1657633306985135E25
60.800000000000004 2.3935386485226525E25
60.900000000000006 2.645269305637328E25
61.0 2.92347470706852E25
61.1 3.230939225981856E25
61.2 3.5707400706249955E25
61.300000000000004 3.946278082062135E25
61.400000000000006 4.361311770934422E25
61.5 4.819994933897695E25
61.6 5.326918226215694E25
61.7 5.8871551065807084E25
61.800000000000004 6.506312613993547E25
61.900000000000006 7.190587484894425E25
62.0 7.946828172183989E25
62.1 8.782603386842011E25
62.2 9.706277848130492E25
62.300000000000004 1.0727096000515713E26
62.400000000000006 1.1855274535175575E26
62.5 1.3102104642078762E26
62.6 1.4480065016009411E26
62.7 1.6002946747538213E26
62.800000000000004 1.768599134889253E26
62.900000000000006 1.9546043296133545E26
63.0 2.1601718614334146E26
63.1 2.387359119301551E26
63.2 2.6384398696547683E26
63.300000000000004 2.9159270130337566E26
63.400000000000006 3.222597734036102E26
63.5 3.5615212963131604E26
63.6 3.9360897607923914E26
63.7 4.35005193456309E26
63.800000000000004 4.807550890197844E26
63.900000000000006 5.3131654310153555E26
64.0 5.871955917283001E26
64.10000000000001 6.489514912003442E26
64.2 7.172023153164408E26
64.3 7.926311412642465E26
64.4 8.759928860863631E26
64.5 9.681218621437968E26
64.60000000000001 1.0699401271945744E27
64.7 1.1824667126575963E27
64.8 1.3068278224216813E27
64.9 1.4442681042725813E27
65.0 1.5961631067462948E27
65.10000000000001 1.7640330460812955E27
65.2 1.9495580210534355E27
65.3 2.154594827969356E27
65.4 2.3811955441079554E27
65.5 2.631628065599415E27
65.60000000000001 2.908398805292171E27
65.7 3.2142777777748476E27
65.8 3.5523263226135604E27
65.9 3.9259277432671514E27
66.0 4.338821168325188E27
66.10000000000001 4.795138973964043E27
66.2 5.29944814215613E27
66.3 5.856795968560943E27
66.4 6.472760577556304E27
66.5 7.153506749981718E27
66.60000000000001 7.905847622337706E27
66.7 8.737312874945088E27
66.8 9.656224091517185E27
66.9 1.0671778044366325E28
67.0 1.1794138738791804E28
67.10000000000001 1.303453913786221E28
67.2 1.4405393585684056E28
67.3 1.5920422054331402E28
67.4 1.7594787457937376E28
67.5 1.9445247408234427E28
67.60000000000001 2.1490321930366734E28
67.7 2.3750478817524493E28
67.8 2.6248338479499616E28
67.9 2.900890033534919E28
68.0 3.205979301598264E28
68.10000000000001 3.5431550880789074E28
68.2 3.915791961576546E28
68.3 4.327619397168768E28
68.4 4.782759102251028E28
68.5 5.285766267969399E28
68.60000000000001 5.841675159105081E28
68.7 6.4560494986878296E28
68.8 7.135038151606613E28
68.9 7.88543666451592E28
69.0 8.714755277950383E28
69.10000000000001 9.631294091337102E28
69.2 1.0644226133179525E29
69.3 1.176368916781075E29
69.4 1.3000887157546067E29
69.5 1.4368202395703002E29
69.60000000000001 1.5879319432755943E29
69.7 1.7549362035915256E29
69.8 1.9395044552874273E29
69.9 2.143483919461833E29
70.0 2.3689160911520078E29
70.10000000000001 2.6180571713026617E29
70.2 2.893400647583079E29
70.3 3.1977022500500465E29
70.4 3.5340075314204046E29
70.5 3.9056823479861195E29
70.60000000000001 4.316446546235707E29
70.7 4.770411192327747E29
70.8 5.272119717023172E29
70.9 5.826593387867272E29
71.0 6.439381563722735E29
71.10000000000001 7.116617234618914E29
71.2 7.865078402776717E29
71.3 8.692255919133645E29
71.4 9.606428454297494E29
71.5 1.0616745354263925E30
71.60000000000001 1.1733318210147329E30
71.7 1.2967322058382163E30
71.8 1.4331107224244733E30
71.9 1.583832292805923E30
72.0 1.75040538911817E30
72.10000000000001 1.934497130896306E30
72.2 2.1379499701673643E30
72.3 2.362800131329656E30
72.4 2.611297990370879E30
72.5 2.885930597387262E30
72.60000000000001 3.1894465678171094E30
72.7 3.524883591507638E30
72.8 3.89559883493626E30
72.9 4.3053025408609664E30
73.0 4.758095161676706E30
73.10000000000001 5.258508398121587E30
73.2 5.811550554060504E30
73.3 6.42275666127405E30
73.4 7.098243875916783E30
73.5 7.84477270107175E30
73.60000000000001 8.669814648138317E30
73.7 9.581627014228668E30
73.8 1.0589335523973463E31
73.9 1.1703025662840921E31
74.0 1.2933843616064693E31
74.10000000000001 1.4294107823413192E31
74.2 1.5797432266273764E31
74.3 1.7458862720955535E31
74.4 1.9295027341875293E31
74.5 2.132430308171492E31
74.60000000000001 2.3566999614142443E31
74.7 2.6045562599850088E31
74.8 2.8784798330272905E31
74.9 3.181212199729035E31
75.0 3.515783207367968E31
75.10000000000001 3.8855413550418356E31
75.2 4.2941873065724565E31
75.3 4.745810927993447E31
75.4 5.244932220304005E31
75.5 5.796546557157889E31
75.60000000000001 6.406174680242473E31
75.7 7.079917952716501E31
75.8 7.824519423703911E31
75.9 8.647431314995663E31
76.0 9.556889605389807E31
76.10000000000001 1.0561996459136357E32
76.2 1.1672811323455401E32
76.3 1.2900451606866948E32
76.4 1.425720394595173E32
76.5 1.575664717413913E32
76.60000000000001 1.7413788223237547E32
76.7 1.9245212317850236E32
76.80000000000001 2.1269248965879484E32
76.9 2.3506155406400415E32
77.0 2.597831935092025E32
77.10000000000001 2.871048304711914E32
77.2 3.1729990907579795E32
77.30000000000001 3.506706318186221E32
77.4 3.875509841091518E32
77.5 4.283100769090296E32
77.60000000000001 4.733558409186075E32
77.7 5.2313910928448474E32
77.80000000000001 5.781581296892154E32
77.9 6.3896355098152596E32
78.0 7.061639342551249E32
78.10000000000001 7.804318435326543E32
78.2 8.625105770124488E32
78.30000000000001 9.532216062468128E32
78.4 1.0534727977053277E33
78.5 1.1642674990077113E33
78.60000000000001 1.2867145807640013E33
78.7 1.4220395345242654E33
78.80000000000001 1.5715967379100624E33
78.9 1.736883009680747E33
79.0 1.919552590398854E33
79.10000000000001 2.121433698625607E33
79.2 2.3445468283466655E33
79.30000000000001 2.5911249707552544E33
79.4 2.863635962778304E33
79.5 3.164807186018121E33
79.60000000000001 3.4976528633040836E33
79.7 3.8655042260476697E33
79.80000000000001 4.272042854326435E33
79.9 4.72133752337443E33
80.0 5.217884925252693E33
80.10000000000001 5.76665467325465E33
80.2 6.373139039466029E33
80.30000000000001 7.043407923270483E33
80.4 7.784169600942086E33
80.5 8.602837864329664E33
80.60000000000001 9.507606220577239E33
80.7 1.0507529895497025E34
80.80000000000001 1.1612616461313862E34
80.9 1.2833925995810546E34
81.0 1.4183681775304779E34
81.10000000000001 1.5675392609306549E34
81.2 1.7323988041223443E34
81.30000000000001 1.9145967768250616E34
81.4 2.1159566775884167E34
81.5 2.3384937839786747E34
81.60000000000001 2.584435322153929E34
81.7 2.8562427576919736E34
81.80000000000001 3.156636430765385E34
81.9 3.4886227822199965E34
82.0 3.8555244430456715E34
82.10000000000001 4.261013488383921E34
82.2 4.709148188889949E34
82.30000000000001 5.204413627269823E34
82.4 5.751766586495169E34
82.5 6.356685158953663E34
82.60000000000001 7.025223573038725E34
82.7 7.764072785901844E34
82.80000000000001 8.580627448801366E34
82.9 9.483059915256853E34
83.0 1.048040203271073E35
83.10000000000001 1.15826355362929E35
83.2 1.2800791949380373E35
83.30000000000001 1.4147062990792186E35
83.4 1.5634922593607728E35
83.5 1.727926175681904E35
83.60000000000001 1.909653757945329E35
83.7 2.1104937968750377E35
83.80000000000001 2.3324563670853647E35
83.9 2.5777629445831074E35
84.0 2.8488686400462817E35
84.10000000000001 3.1484867703968976E35
84.2 3.4796160145885506E35
84.30000000000001 3.845570425393587E35
84.4 4.250012597556765E35
84.5 4.6969903242748515E35
84.60000000000001 5.1909771088713156E35
84.7 5.73691693712095E35
84.80000000000001 6.340273758321747E35
84.9 7.007086170335341E35
85.0 7.74402785590464E35
85.10000000000001 8.558474375113592E35
85.2 9.458576982471141E35
85.30000000000001 1.0453344207406908E36
85.4 1.155273201466058E36
85.5 1.2767743446924287E36
85.60000000000001 1.411053874699177E36
85.7 1.55945570615548E36
85.80000000000001 1.723465094470174E36
85.9 1.9047235007269244E36
86.0 2.1050450199786247E36
86.10000000000001 2.3264345373203664E36
86.2 2.571107793453229E36
86.30000000000001 2.841513560562182E36
86.4 3.1403581504508913E36
86.5 3.470632500220134E36
86.60000000000001 3.835642106571499E36
86.7 4.23904010832921E36
86.80000000000001 4.6848638482817263E36
86.9 5.177575280264897E36
87.0 5.722105625896103E36
87.10000000000001 6.323904727897478E36
87.2 6.988995593953345E36
87.30000000000001 7.72403467699614E36
87.4 8.536378495223914E36
87.5 9.434157258607775E36
87.60000000000001 1.0426356238765678E37
87.7 1.1522905696580356E37
87.80000000000001 1.2734780267588931E37
87.9 1.407410879982282E37
88.0 1.5554295743396647E37
88.10000000000001 1.7190155306749958E37
88.2 1.8998059722223708E37
88.30000000000001 2.099610310486614E37
88.4 2.320428254441573E37
88.5 2.5644698242898517E37
88.60000000000001 2.834177470087734E37
88.7 3.13225051660616E37
88.80000000000001 3.46167217908058E37
88.9 3.8257394202313913E37
89.0 4.228095947375298E37
89.10000000000001 4.672768679872723E37
89.2 5.16420805189004E37
89.30000000000001 5.707332553841016E37
89.4 6.30757795829147E37
89.5 6.970951722998664E37
89.60000000000001 7.704093115567516E37
89.7 8.51433966147198E37
89.80000000000001 9.409800580476968E37
89.9 1.0399437946434433E38
90.0 1.1493156382731605E38
90.10000000000001 1.2701902191090587E38
90.2 1.4037772905834583E38
90.30000000000001 1.5514138370078791E38
90.4 1.714577454561251E38
90.5 1.894901139569254E38
90.60000000000001 2.094189632080361E38
90.7 2.3144374783107425E38
90.80000000000001 2.557848992733392E38
90.9 2.826860319598017E38
91.0 3.1241638146817415E38
91.10000000000001 3.452734991290567E38
91.2 3.8158623001964874E38
91.30000000000001 4.217180041558441E38
91.4 4.660704738219413E38
91.5 5.150875334417441E38
91.60000000000001 5.6925976222313794E38
91.7 6.291293340396667E38
91.80000000000001 6.952954436889451E38
91.9 7.684203038355219E38
92.0 8.49235772657867E38
92.10000000000001 9.385506785309848E38
92.2 1.0372589150526046E39
92.30000000000001 1.146348387430847E39
92.4 1.2669108997714803E39
92.5 1.4001530822204835E39
92.60000000000001 1.5474084673240728E39
92.7 1.7101508364705667E39
92.80000000000001 1.890008969990029E39
92.9 2.0887829485350776E39
93.0 2.3084621688932565E39
93.10000000000001 2.551245254538683E39
93.2 2.8195620601946394E39
93.30000000000001 3.1160979906366006E39
93.4 3.443820877125513E39
93.5 3.806010680460864E39
93.60000000000001 4.206292317930689E39
93.7 4.6486719427019776E39
93.80000000000001 5.1375770387484925E39
93.9 5.677900732598006E39
94.0 6.275050765387695E39
94.10000000000001 6.935003615354873E39
94.2 7.664364312439637E39
94.30000000000001 8.470432543645216E39
94.4 9.361275710758173E39
94.5 1.0345809671617812E40
94.60000000000001 1.143388797301787E40
94.7 1.2636400468314193E40
94.80000000000001 1.396538230673846E40
94.9 1.543413438521546E40
95.0 1.7057356468211397E40
95.10000000000001 1.8851294307916935E40
95.2 2.083390223719467E40
95.30000000000001 2.302502286257892E40
95.4 2.544658565574898E40
95.5 2.812282643105454E40
95.60000000000001 3.1080529905690897E40
95.7 3.434929777014984E40
95.80000000000001 3.796184495189062E40
95.9 4.19543270373261E40
96.0 4.636670212908739E40
96.10000000000001 5.124313076014404E40
96.2 5.663241786725853E40
96.30000000000001 6.258850124720234E40
96.4 6.917099138434904E40
96.5 7.644576805244331E40
96.60000000000001 8.44856396615175E40
96.7 9.337107194892712E40
96.80000000000001 1.03190993307504E41
96.9 1.1404368481079155E41
97.0 1.260377638430716E41
97.10000000000001 1.3929327117865027E41
97.2 1.539428723902682E41
97.30000000000001 1.7013318561075643E41
97.4 1.8802624893657316E41
97.5 2.0780114215955163E41
97.60000000000001 2.296557790576418E41
97.7 2.5380888818251065E41
97.80000000000001 2.805022019684271E41
97.9 3.100028760716855E41
98.0 3.4260616315423397E41
98.10000000000001 3.7863836787154315E41
98.2 4.184601126392557E41
98.30000000000001 4.624699468635691E41
98.4 5.111083357576037E41
98.5 5.6486206866534404E41
98.60000000000001 6.242691310129931E41
98.7 6.899240886479124E41
98.80000000000001 7.624840384535244E41
98.9 8.426751847957042E41
99.0 9.31300107620229E41
99.10000000000001 1.0292457949426067E42
99.2 1.137492520122214E42
99.30000000000001 1.2571236527676601E42
99.4 1.3893365014638386E42
99.5 1.5354542968387902E42
99.60000000000001 1.696939434900538E42
99.7 1.8754081131877877E42
99.80000000000001 2.072646506218283E42
99.9 2.2906286421235305E42
100.0 2.5315361593860217E42
