0.01 3.7287412958779154E-4
0.02 6.324191669767127E-4
0.03 8.91395069802367E-4
0.04 0.0011495687772325616
0.05 0.0014067079503568116
0.06 0.0016625811812756783
0.07 0.0019169582013522605
0.08 0.0021696100884384217
0.09 0.002420309472889276
0.1 0.002668830742180519
0.11 0.0029149502439444696
0.12 0.0031584464872421096
0.13 0.003399100341889973
0.14 0.003636695235662526
0.15 0.003871017349192546
0.16 0.0041018558083941265
0.17 0.004329002874235114
0.18 0.0045522541296882145
0.19 0.004771408663692534
0.2 0.0049862692519599535
0.21 0.005196642534463685
0.22 0.005402339189449248
0.23 0.005603174103811262
0.24 0.00579896653968275
0.25 0.005989540297087024
0.26 0.006174723872505761
0.27 0.006354350613220602
0.28 0.0065282588672893405
0.29 0.006696292129021773
0.3 0.006858299179824247
0.31 0.007014134224286183
0.32 0.007163657021386122
0.33 0.007306733010699154
0.34 0.00744323343349224
0.35000000000000003 0.007573035448598369
0.36 0.007696022242965315
0.37 0.007812083136779508
0.38 0.007921113683070392
0.39 0.00802301576170565
0.4 0.008117697667692686
0.41000000000000003 0.008205074193706956
0.42 0.008285066706772782
0.43 0.008357603219027739
0.44 0.008422618452506863
0.45 0.008480053897888421
0.46 0.008529857867148346
0.47000000000000003 0.008571985540075973
0.48 0.008606399004609196
0.49 0.008633067290952774
0.5 0.008651966399449058
0.51 0.008663079322176047
0.52 0.008666396058253392
0.53 0.00866191362284249
0.54 0.008649636049832663
0.55 0.008629574388210902
0.56 0.00860174669211855
0.5700000000000001 0.008566178004603775
0.58 0.008522900335084523
0.59 0.008471952630542212
0.6 0.008413380740472057
0.61 0.008347237375621642
0.62 0.008273582060554787
0.63 0.008192481080083469
0.64 0.008104007419615958
0.65 0.008008240699474884
0.66 0.007905267103244313
0.67 0.007795179300210345
0.68 0.007678076361965003
0.6900000000000001 0.007554063673248501
0.7000000000000001 0.007423252837110077
0.71 0.007285761574472788
0.72 0.007141713618192626
0.73 0.006991238601707297
0.74 0.006834471942374883
0.75 0.006671554719607346
0.76 0.006502633547908595
0.77 0.006327860444931326
0.78 0.006147392694671384
0.79 0.005961392705922795
0.8 0.005770027866120812
0.81 0.005573470390704518
0.8200000000000001 0.005371897168134555
0.8300000000000001 0.005165489600705451
0.84 0.004954433441295804
0.85 0.004738918626203212
0.86 0.004519139104214448
0.87 0.00429529266206463
0.88 0.0040675807464425106
0.89 0.0038362082827020564
0.9 0.003601383490443462
0.91 0.0033633176961295618
0.92 0.0031222251429062773
0.93 0.002878322797798253
0.9400000000000001 0.00263183015645317
0.9500000000000001 0.002382969045610485
0.96 0.002131963423472339
0.97 0.001879039178156279
0.98 0.0016244239244112178
0.99 0.0013683467987795125
1.0 0.0011110382533894216
1.01 8.527298485642629E-4
1.02 5.936540444329341E-4
1.03 3.340439917320618E-4
1.04 7.413332198592354E-5
1.05 -1.8584406274615295E-4
1.06 -4.456542003658557E-4
1.07 -7.050632792859853E-4
1.08 -9.638378488451014E-4
1.09 -0.0012217450293973598
1.1 -0.0014785527218884758
1.11 -0.0017340298167292073
1.12 -0.001987946401778383
1.1300000000000001 -0.0022400739692483157
1.1400000000000001 -0.0024901856213463817
1.1500000000000001 -0.0027380562744677224
1.16 -0.002983462861755291
1.17 -0.0032261845338449864
1.18 -0.0034660028576151453
1.19 -0.0037027020127616246
1.2 -0.003936068986021507
1.21 -0.004165893762870655
1.22 -0.004391969516522614
1.23 -0.00461409279405875
1.24 -0.004832063699522154
1.25 -0.005045686073810502
1.26 -0.005254767671206015
1.27 -0.0054591203323836185
1.28 -0.005658560153741645
1.29 -0.0058529076529026565
1.3 -0.006041987930235469
1.31 -0.006225630826253021
1.32 -0.006403671074744419
1.33 -0.006575948451503377
1.34 -0.006742307918519188
1.35 -0.0069025997635004605
1.36 -0.00705667973460609
1.37 -0.007204409170262166
1.3800000000000001 -0.007345655123948037
1.3900000000000001 -0.007480290483839204
1.4000000000000001 -0.007608194087199372
1.41 -0.007729250829418754
1.42 -0.007843351767600443
1.43 -0.00795039421860165
1.44 -0.008050281851441628
1.45 -0.008142924773993032
1.46 -0.008228239613878774
1.47 -0.008306149593501537
1.48 -0.008376584599138428
1.49 -0.008439481244038592
1.5 -0.008494782925467017
1.51 -0.008542439875643165
1.52 -0.008582409206528628
1.53 -0.008614654948423459
1.54 -0.008639148082336472
1.55 -0.008655866566100385
1.56 -0.008664795354208273
1.57 -0.008665926411353511
1.58 -0.00865925871966102
1.59 -0.008644798279603258
1.6 -0.008622558104600235
1.61 -0.008592558209308281
1.62 -0.008554825591608233
1.6300000000000001 -0.00850939420830914
1.6400000000000001 -0.008456304944589444
1.6500000000000001 -0.008395605577203081
1.6600000000000001 -0.008327350731483609
1.67 -0.008251601832185115
1.68 -0.008168427048204066
1.69 -0.008077901231231921
1.7 -0.007980105848393641
1.71 -0.007875128908932794
1.72 -0.007763064885009162
1.73 -0.007644014626680178
1.74 -0.007518085271142695
1.75 -0.007385390146316713
1.76 -0.007246048668857925
1.77 -0.007100186236690779
1.78 -0.0069479341161588016
1.79 -0.00678942932389377
1.8 -0.006624814503509959
1.81 -0.006454237797234555
1.82 -0.006277852712589623
1.83 -0.006095817984245705
1.84 -0.005908297431171336
1.85 -0.005715459809207026
1.86 -0.005517478659196392
1.87 -0.005314532150811119
1.8800000000000001 -0.005106802922210274
1.8900000000000001 -0.004894477915678295
1.9000000000000001 -0.004677748209389556
1.9100000000000001 -0.0044568088454508955
1.92 -0.0042318586543769075
1.93 -0.004003100076155865
1.94 -0.003770738978067433
1.95 -0.0035349844694159823
1.96 -0.0032960487133463544
1.97 -0.003054146735911326
1.98 -0.0028094962325626977
1.99 -0.002562317372240072
2.0 -0.002312832599233659
2.0100000000000002 -0.0020612664329994522
2.02 -0.0018078452661068648
2.0300000000000002 -0.0015527971605006662
2.04 -0.0012963516422606915
2.05 -0.0010387394950437932
2.06 -7.801925523941545E-4
2.07 -5.209434891087917E-4
2.08 -2.6122561184584956E-4
2.09 -1.272649164458081E-6
2.1 2.5868145881529026E-4
2.11 5.184027709425695E-4
2.12 7.776575555671483E-4
2.13 0.0010362125008820165
2.14 0.0012938349248883489
2.15 0.0015502929847935065
2.16 0.0018053558856539994
2.17 0.0020587940880752577
2.18 0.002310379514781691
2.19 0.0025598857558707493
2.2 0.002807088272566638
2.21 0.0030517645992899824
2.22 0.0032936945438619084
2.23 0.003532660385662058
2.24 0.0037684470715625452
2.25 0.004000842409461162
2.2600000000000002 0.004229637259240034
2.27 0.0044546257209775305
2.2800000000000002 0.004675605320244373
2.29 0.0048923771903168775
2.3000000000000003 0.005104746251143661
2.31 0.00531252138490444
2.32 0.005515515608003239
2.33 0.00571354623934098
2.34 0.005906435064716108
2.35 0.006094008497205405
2.36 0.006276097733380443
2.37 0.006452538905219333
2.38 0.00662317322757683
2.39 0.006787847141080296
2.4 0.006946412450322719
2.41 0.007098726457228635
2.42 0.007244652089472696
2.43 0.007384058023835584
2.44 0.007516818804385979
2.45 0.00764281495538248
2.46 0.007761933088793668
2.47 0.007874066006339707
2.48 0.00797911279596355
2.49 0.008076978922644987
2.5 0.008167576313475757
2.5100000000000002 0.008250823436919269
2.52 0.008326645376183422
2.5300000000000002 0.008394973896640715
2.54 0.008455747507234766
2.5500000000000003 0.008508911515818146
2.56 0.008554418078371581
2.57 0.008592226242060382
2.58 0.0086223019820892
2.59 0.008644618232322064
2.6 0.00865915490964006
2.61 0.008665898932014804
2.62 0.008664844230281365
2.63 0.008655991753600111
2.64 0.008639349468602535
2.65 0.00861493235222181
2.66 0.008582762378214571
2.67 0.008542868497386023
2.68 0.008495286611536151
2.69 0.008440059541150539
2.7 0.00837723698686482
2.71 0.008306875484737459
2.72 0.008229038355371103
2.73 0.008143795646928343
2.74 0.00805122407209306
2.75 0.007951406939034216
2.7600000000000002 0.007844434076434105
2.77 0.007730401752648629
2.7800000000000002 0.007609412589072222
2.79 0.007481575467785598
2.8000000000000003 0.007347005433569154
2.81 0.007205823590370495
2.82 0.007058156992319003
2.83 0.0069041385293857225
2.84 0.0067439068077913686
2.85 0.0065776060252700505
2.86 0.00640538584130109
2.87 0.0062274012424255185
2.88 0.006043812402768744
2.89 0.00585478453989457
2.9 0.0056604877661206
2.91 0.005461096935428572
2.92 0.005256791486107659
2.93 0.005047755279272018
2.94 0.004834176433398294
2.95 0.00461624715503163
2.96 0.0043941635658127825
2.97 0.004168125525981829
2.98 0.003938336454517542
2.99 0.003705003146073914
3.0 0.003468335584879033
3.0100000000000002 0.0032285467557633847
3.02 0.002985852452487933
3.0300000000000002 0.0027404710835442193
3.04 0.002492623475601574
3.0500000000000003 0.0022425326747779165
3.06 0.0019904237459133817
3.0700000000000003 0.0017365235700270859
3.08 0.0014810606401396086
3.09 0.0012242648556445902
3.1 9.663673154148842E-4
3.11 7.076001098291586E-4
3.12 4.481961119061429E-4
3.13 1.8838876773475112E-4
3.14 -7.158811361174934E-5
3.15 -3.3150057048804307E-4
3.16 -5.911146992265265E-4
3.17 -8.501968646347331E-4
3.18 -0.0011085139102513493
3.19 -0.0013658333681711796
3.2 -0.0016219236682506466
3.21 -0.001876554346505239
3.22 -0.0021294962525116126
3.23 -0.002380521755627394
3.24 -0.0026294049498435212
3.25 -0.0028759218570842933
3.2600000000000002 -0.003119850628772596
3.27 -0.003360971745478588
3.2800000000000002 -0.0035990682144724537
3.29 -0.0038339257650031014
3.3000000000000003 -0.004065333041127479
3.31 -0.0042930817919165825
3.3200000000000003 -0.0045169670588672975
3.33 -0.004736787360351149
3.34 -0.004952344872934244
3.35 -0.005163445609404957
3.36 -0.005369899593349313
3.37 -0.005571521030117017
3.38 -0.005768128474023996
3.39 -0.005959544991641353
3.4 -0.006145598321023444
3.41 -0.006326121026732065
3.42 -0.006500950650516972
3.43 -0.00666992985751743
3.44 -0.006832906577852878
3.45 -0.006989734143475617
3.46 -0.007140271420162123
3.47 -0.0072843829345243544
3.48 -0.007421938995926603
3.49 -0.007552815813198377
3.5 -0.007676895606038041
3.5100000000000002 -0.007794066711007183
3.52 -0.007904223682020133
3.5300000000000002 -0.008007267385238362
3.54 -0.00810310508828421
3.5500000000000003 -0.008191650543693788
3.56 -0.008272824066533863
3.5700000000000003 -0.008346552606112933
3.58 -0.008412769811721895
3.59 -0.008471416092345238
3.6 -0.008522438670288904
3.61 -0.008565791628676657
3.62 -0.008601435952772195
3.63 -0.008629339565089744
3.64 -0.008649477354261663
3.65 -0.00866183119763695
3.66 -0.008666389977590432
3.67 -0.008663149591527855
3.68 -0.008652112955577959
3.69 -0.008633290001968144
3.7 -0.008606697670086155
3.71 -0.00857235989123575
3.72 -0.008530307567100166
3.73 -0.008480578541932682
3.74 -0.008423217568499335
3.75 -0.008358276267804469
3.7600000000000002 -0.0082858130826353
3.77 -0.008205893224967368
3.7800000000000002 -0.008118588617278138
3.79 -0.008023977827821651
3.8000000000000003 -0.007922145999922376
3.81 -0.007813184775351988
3.8200000000000003 -0.007697192211857929
3.83 -0.007574272694918093
3.84 -0.007444536843800897
3.85 -0.007308101412015438
3.86 -0.007165089182241222
3.87 -0.007015628855831989
3.88 -0.006859854936993253
3.89 -0.006697907611737538
3.9 -0.006529932621726464
3.91 -0.006356081133113057
3.92 -0.006176509600502466
3.93 -0.005991379626153305
3.94 -0.0058008578145466
3.95 -0.005605115622452957
3.96 -0.00540432920463307
3.97 -0.005198679255310276
3.98 -0.004988350845558039
3.99 -0.004773533256748372
4.0 -0.004554419810213488
4.01 -0.004331207693261411
4.0200000000000005 -0.0041040977817331245
4.03 -0.0038732944592195897
4.04 -0.003639005433132289
4.05 -0.0034014415477806683
4.0600000000000005 -0.0031608165946264404
4.07 -0.0029173471198857873
4.08 -0.002671252229652264
4.09 -0.0024227533927161653
4.1 -0.002172074241257575
4.11 -0.0019194403695924392
4.12 -0.0016650791311530343
4.13 -0.0014092194338850587
4.14 -0.0011520915342460468
4.15 -8.939268299900355E-4
4.16 -6.349576519253044E-4
4.17 -3.754170548322009E-4
4.18 -1.1553860772963469E-4
4.19 1.444438163212851E-4
4.2 4.042962506871608E-4
4.21 6.637848457165939E-4
4.22 9.226760791890173E-4
4.23 0.00118073696646896
4.24 0.0014377352701764087
4.25 0.0016934397091849234
4.26 0.001947620166758918
4.2700000000000005 0.002200047897643273
4.28 0.0024504957339185024
4.29 0.0026987382894367072
4.3 0.0029445521626537863
4.3100000000000005 0.003187716137675807
4.32 0.003428011383338286
4.33 0.0036652216501395826
4.34 0.003899133464850798
4.3500000000000005 0.004129536322627278
4.36 0.004356222876448713
4.37 0.004578989123717568
4.38 0.00479763458984757
4.39 0.0050119625086773294
4.4 0.0052217799995466175
4.41 0.005426898240875874
4.42 0.00562713264009298
4.43 0.005822302999754065
4.44 0.006012233679709048
4.45 0.006196753755165877
4.46 0.006375697170511384
4.47 0.006548902888750084
4.48 0.006716215036426603
4.49 0.006877483043901239
4.5 0.007032561780852545
4.51 0.007181311686884761
4.5200000000000005 0.0073235988971227925
4.53 0.007459295362681495
4.54 0.007588278965901118
4.55 0.007710433630244892
4.5600000000000005 0.007825649424760115
4.57 0.007933822663008534
4.58 0.008034855996377203
4.59 0.00812865850168565
4.6000000000000005 0.008215145763010573
4.61 0.008294239947654483
4.62 0.008365869876189902
4.63 0.008429971086516032
4.64 0.00848648589187027
4.65 0.008535363432742448
4.66 0.008576559722644896
4.67 0.008610037687697381
4.68 0.008635767199991047
4.69 0.008653725104701521
4.7 0.008663895240926683
4.71 0.008666268456230397
4.72 0.008660842614879075
4.73 0.0086476225997637
4.74 0.00862662030800555
4.75 0.0085978546402496
4.76 0.008561351483655206
4.7700000000000005 0.008517143688599405
4.78 0.008465271039113818
4.79 0.008405780217081684
4.8 0.00833872476022732
4.8100000000000005 0.008264165013935782
4.82 0.00818216807694611
4.83 0.008092807740966965
4.84 0.007996164424269083
4.8500000000000005 0.007892325099314259
4.86 0.007781383214486021
4.87 0.0076634386099923586
4.88 0.007538597428016291
4.89 0.007406972017195067
4.9 0.00726868083151397
4.91 0.007123848323705759
4.92 0.00697260483325155
4.93 0.00681508646908412
4.94 0.006651434987099038
4.95 0.006481797662583974
4.96 0.006306327157680801
4.97 0.0061251813840000275
4.98 0.005938523360510979
4.99 0.00574652106683579
5.0 0.005549347292078981
5.01 0.00534717947932901
5.0200000000000005 0.005140199565971408
5.03 0.0049285938199575136
5.04 0.0047125526721757596
5.05 0.004492270545076811
5.0600000000000005 0.004267945677706439
5.07 0.00403977994730384
5.08 0.003807978687625636
5.09 0.0035727505041594164
5.1000000000000005 0.00333430708639286
5.11 0.003092863017307545
5.12 0.002848635580268646
5.13 0.0026018445634846364
5.14 0.0023527120622127327
5.15 0.0021014622788881145
5.16 0.001848321321356965
5.17 0.001593516999394545
5.18 0.0013372786196918364
5.19 0.001079836779494985
5.2 8.214231590834038E-4
5.21 5.622703132730501E-4
5.22 3.0261146213285574E-4
5.23 4.268028110238032E-5
5.24 -2.1728930930022867E-4
5.25 -4.7706335399106054E-4
5.26 -7.364080738641063E-4
5.2700000000000005 -9.95090076176755E-4
5.28 -0.0012528765645873842
5.29 -0.0015095355486565178
5.3 -0.0017648360526224508
5.3100000000000005 -0.0020185483232639067
5.32 -0.0022704440366623302
5.33 -0.0025202965036781296
5.34 -0.002767880873955527
5.3500000000000005 -0.0030129743382727473
5.36 -0.003255356329055157
5.37 -0.0034948087188713837
5.38 -0.003731116016733145
5.39 -0.003964065562022612
5.4 -0.004193447715872681
5.41 -0.0044190560498276665
5.42 -0.004640687531615145
5.43 -0.004858142707861195
5.44 -0.005071225883584968
5.45 -0.005279745298310984
5.46 -0.005483513298640629
5.47 -0.005682346507127539
5.48 -0.0058760659873049416
5.49 -0.0060644974047163016
5.5 -0.006247471183804724
5.51 -0.006424822660519367
5.5200000000000005 -0.006596392230502079
5.53 -0.006762025492720439
5.54 -0.006921573388418377
5.55 -0.007074892335258931
5.5600000000000005 -0.007221844356538668
5.57 -0.007362297205357386
5.58 -0.00749612448363143
5.59 -0.0076232057558434235
5.6000000000000005 -0.007743426657426127
5.61 -0.007856678997682751
5.62 -0.007962860857151387
5.63 -0.008061876679325574
5.64 -0.008153637356648714
5.65 -0.008238060310704889
5.66 -0.008315069566533813
5.67 -0.00838459582100321
5.68 -0.008446576505176951
5.69 -0.00850095584062284
5.7 -0.008547684889609476
5.71 -0.008586721599146882
5.72 -0.008618030838831373
5.73 -0.008641584432460553
5.74 -0.008657361183389964
5.75 -0.008665346893608674
5.76 -0.008665534376516506
5.7700000000000005 -0.008657923463391493
5.78 -0.008642521003541731
5.79 -0.008619340858141452
5.8 -0.008588403887756895
5.8100000000000005 -0.008549737933573229
5.82 -0.008503377792339345
5.83 -0.008449365185053136
5.84 -0.008387748719415425
5.8500000000000005 -0.008318583846086284
5.86 -0.008241932808783239
5.87 -0.008157864588266063
5.88 -0.008066454840258785
5.89 -0.007967785827364644
5.9 -0.007861946345035276
5.91 -0.007749031641660844
5.92 -0.007629143332852863
5.93 -0.0075023893099970314
5.94 -0.0073688836431582885
5.95 -0.00722874647842543
5.96 -0.007082103929787745
5.97 -0.006929087965640928
5.98 -0.00676983629002442
5.99 -0.006604492218697149
6.0 -0.006433204550162892
6.01 -0.0062561274317617785
6.0200000000000005 -0.006073420220947992
6.03 -0.005885247341878941
6.04 -0.005691778137444476
6.05 -0.005493186716869807
6.0600000000000005 -0.00528965179902892
6.07 -0.005081356551609699
6.08 -0.004868488426275315
6.09 -0.0046512389899704
6.1000000000000005 -0.004429803752523695
6.11 -0.004204381990702531
6.12 -0.003975176568876999
6.13 -0.0037423937564558412
6.140000000000001 -0.0035062430422578587
6.15 -0.0032669369459861724
6.16 -0.0030246908269747313
6.17 -0.002779722690379516
6.18 -0.0025322529909885994
6.19 -0.002282504434827737
6.2 -0.002030701778739964
6.21 -0.0017770716281195944
6.22 -0.001521842232982656
6.23 -0.001265243282557272
6.24 -0.0010075056985789739
6.25 -7.488614274765353E-4
6.26 -4.895432316360096E-4
6.2700000000000005 -2.2978447993016212E-4
6.28 3.0181062297606975E-5
6.29 2.901194436064664E-4
6.3 5.497967369985622E-4
6.3100000000000005 8.089792504375445E-4
6.32 0.0010674337371555848
6.33 0.001324927605559789
6.34 0.0015812291285489156
6.3500000000000005 0.0018361076520521443
6.36 0.002089333802602043
6.37 0.002340679693755407
6.38 0.0025899191311755374
6.390000000000001 0.00283682781619192
6.4 0.0030811835476538415
6.41 0.0033227664218965195
6.42 0.0035613590306394975
6.43 0.0037967466566394374
6.44 0.004028717466921116
6.45 0.004257062703412831
6.46 0.004481576870814575
6.47 0.004702057921529949
6.48 0.004918307437495359
6.49 0.005130130808742793
6.5 0.005337337408535811
6.51 0.005539740764920604
6.5200000000000005 0.005737158728538273
6.53 0.005929413636546832
6.54 0.006116332472505912
6.55 0.006297747022079797
6.5600000000000005 0.006473494024418995
6.57 0.006643415319083948
6.58 0.006807357988378799
6.59 0.006965174494966986
6.6000000000000005 0.0071167228146448965
6.61 0.007261866564153985
6.62 0.007400475123916629
6.63 0.007532423755584836
6.640000000000001 0.0076575937142963745
6.65 0.007775872355537103
6.66 0.007887153236513485
6.67 0.007991336211943879
6.68 0.008088327524182542
6.69 0.008178039887595167
6.7 0.008260392567110092
6.71 0.008335311450874383
6.72 0.008402729116949531
6.73 0.008462584893986632
6.74 0.00851482491582648
6.75 0.00855940216997553
6.76 0.008596276539913914
6.7700000000000005 0.008625414841197637
6.78 0.008646790851322314
6.79 0.008660385333321674
6.8 0.00866618605307952
6.8100000000000005 0.008664187790339603
6.82 0.00865439234340351
6.83 0.008636808527512316
6.84 0.008611452166913447
6.8500000000000005 0.008578346080619933
6.86 0.008537520061874856
6.87 0.008489010851339409
6.88 0.008432862104028797
6.890000000000001 0.008369124350025669
6.9 0.008297854949006471
6.91 0.008219118038621576
6.92 0.008132984476775745
6.93 0.008039531777860794
6.94 0.007938844042997882
6.95 0.00783101188435217
6.96 0.007716132343587993
6.97 0.007594308804537896
6.98 0.0074656509001641645
6.99 0.007330274413896619
7.0 0.007188301175435238
7.01 0.0070398589511117445
7.0200000000000005 0.00688508132890846
7.03 0.006724107598238222
7.04 0.006557082624593217
7.05 0.006384156719175875
7.0600000000000005 0.006205485503628912
7.07 0.0060212297699863936
7.08 0.005831555335971715
7.09 0.00563663289577284
7.1000000000000005 0.005436637866429052
7.11 0.005231750229967549
7.12 0.005022154371431619
7.13 0.0048080389129466425
7.140000000000001 0.004589596543972893
7.15 0.004367023847898061
7.16 0.00414052112512539
7.17 0.003910292212816898
7.18 0.003676544301453664
7.19 0.0034394877483784124
7.2 0.003199335888488085
7.21 0.0029563048422468242
7.22 0.0027106133211921325
7.23 0.002462482431109249
7.24 0.002212135473050973
7.25 0.0019597977423816016
7.26 0.0017056963260264773
7.2700000000000005 0.0014500598981089519
7.28 0.0011931185141592633
7.29 9.351034040799172E-4
7.3 6.762467640544786E-4
7.3100000000000005 4.167815475866591E-4
7.32 1.5694125585793162E-4
7.33 -1.0304027240783922E-4
7.34 -3.6292907138344793E-4
7.3500000000000005 -6.224912586918223E-4
7.36 -8.814932458842401E-4
7.37 -0.0011397019486543785
7.38 -0.0013968849965983086
7.390000000000001 -0.0016528109423322225
7.4 -0.0019072494697794059
7.41 -0.002159971601439261
7.42 -0.0024107499044515317
7.43 -0.002659358695270547
7.44 -0.0029055742427651493
7.45 -0.0031491749695616343
7.46 -0.0033899416514484373
7.47 -0.00362765761466313
7.48 -0.0038621089308841982
7.49 -0.004093084609751978
7.5 -0.004320376788745915
7.51 -0.004543780920246655
7.5200000000000005 -0.004763095955615205
7.53 -0.004978124526123011
7.54 -0.005188673120570629
7.55 -0.005394552259434669
7.5600000000000005 -0.005595576665386585
7.57 -0.00579156543002974
7.58 -0.0059823421767048
7.59 -0.006167735219216802
7.6000000000000005 -0.006347577716341172
7.61 -0.006521707821969454
7.62 -0.006689968830760041
7.63 -0.006852209319162296
7.640000000000001 -0.007008283281687568
7.65 -0.0071580502623042365
7.66 -0.007301375480838727
7.67 -0.007438129954268524
7.68 -0.007568190612798197
7.69 -0.007691440410613897
7.7 -0.00780776843121669
7.71 -0.007917069987239941
7.72 -0.008019246714660871
7.73 -0.008114206661321531
7.74 -0.008201864369679509
7.75 -0.008282140953714018
7.76 -0.008354964169917925
7.7700000000000005 -0.008420268482312074
7.78 -0.008477995121423207
7.79 -0.008528092137172563
7.8 -0.008570514445627413
7.8100000000000005 -0.008605223869573572
7.82 -0.008632189172872302
7.83 -0.008651386088570733
7.84 -0.008662797340740493
7.8500000000000005 -0.008666412660024865
7.86 -0.008662228792880523
7.87 -0.008650249504505486
7.88 -0.008630485575450722
7.890000000000001 -0.00860295479191835
7.9 -0.008567681929755282
7.91 -0.008524698732156616
7.92 -0.008474043881098911
7.930000000000001 -0.008415762962529015
7.94 -0.008349908425339805
7.95 -0.008276539534169697
7.96 -0.0081957223160685
7.97 -0.008107529501077503
7.98 -0.008012040456777348
7.99 -0.007909341116862612
8.0 -0.007799523903800276
8.01 -0.007682687645683618
8.02 -0.007558937487251708
8.03 -0.007428384795294242
8.040000000000001 -0.007291147058421914
8.05 -0.007147347781334698
8.06 -0.006997116373675783
8.07 -0.006840588033571742
8.08 -0.006677903625963328
8.09 -0.0065092095558365246
8.1 -0.006334657636467931
8.11 -0.006154404952803073
8.120000000000001 -0.005968613720090539
8.13 -0.005777451137899293
8.14 -0.005581089239650186
8.15 -0.00537970473779762
8.16 -0.005173478864800217
8.17 -0.004962597210023838
8.18 -0.004747249552723694
8.19 -0.004527629691255836
8.2 -0.004303935268671688
8.21 -0.004076367594852601
8.22 -0.003845131465344749
8.23 -0.0036104349770566817
8.24 -0.003372489340986308
8.25 -0.0031315086921452416
8.26 -0.0028877098968517457
8.27 -0.0026413123575656583
8.28 -0.0023925378154409952
8.290000000000001 -0.002141610150773839
8.3 -0.0018887551815253926
8.31 -0.0016342004601007185
8.32 -0.0013781750685671692
8.33 -0.0011209094124959398
8.34 -8.626350136125872E-4
8.35 -6.035843014430952E-4
8.36 -3.439904041430152E-4
8.370000000000001 -8.40869386978268E-5
8.38 1.7589219931644898E-4
8.39 4.357130462237143E-4
8.4 6.951417807991219E-4
8.41 9.539449346924659E-4
8.42 0.0012118896025339427
8.43 0.0014687436515332403
8.44 0.0017242759303833755
8.45 0.0019782564772812925
8.46 0.002230456726878018
8.47 0.0024806497159718167
8.48 0.002728610287760067
8.49 0.0029741152944650073
8.5 0.0032169437981516957
8.51 0.003456877269557235
8.52 0.003693699784752383
8.53 0.003927198219458513
8.540000000000001 0.004157162440845107
8.55 0.004383385496634934
8.56 0.004605663801347438
8.57 0.004823797319511717
8.58 0.005037589745684981
8.59 0.00524684868111423
8.6 0.005451385806882143
8.61 0.00565101705338137
8.620000000000001 0.005845562765964789
8.63 0.0060348478666224555
8.64 0.006218702011540179
8.65 0.006396959744397306
8.66 0.0065694606452663
8.67 0.006736049474979848
8.68 0.006896576314835617
8.69 0.0070508967015129684
8.700000000000001 0.007198871757080231
8.71 0.007340368313975366
8.72 0.0074752590348479185
8.73 0.00760342252715395
8.74 0.00772474345240117
8.75 0.007839112629945777
8.76 0.007946427135247658
8.77 0.008046590392495553
8.78 0.008139512261518761
8.790000000000001 0.008225109118907213
8.8 0.008303303933266844
8.81 0.008374026334542737
8.82 0.008437212677347362
8.83 0.008492806098237146
8.84 0.008540756566885728
8.85 0.008581020931107887
8.86 0.008613562955693588
8.870000000000001 0.008638353355017227
8.88 0.008655369819392703
8.89 0.008664597035150661
8.9 0.008666026698419739
8.91 0.008659657522599494
8.92 0.008645495239518255
8.93 0.008623552594274874
8.94 0.008593849333768984
8.950000000000001 0.008556412188930123
8.96 0.008511274850661724
8.97 0.008458477939521548
8.98 0.008398068969165937
8.99 0.008330102303590728
9.0 0.008254639108207323
9.01 0.008171747294797955
9.02 0.008081501460399668
9.03 0.007983982820172002
9.040000000000001 0.007879279134308834
9.05 0.007767484629060197
9.06 0.007648699911934888
9.07 0.007523031881160592
9.08 0.007390593629482669
9.09 0.007251504342388322
9.1 0.00710588919084768
9.11 0.006953879218668406
9.120000000000001 0.006795611224565071
9.13 0.0066312276390496526
9.14 0.00646087639625352
9.15 0.0062847108007968375
9.16 0.006102889389824697
9.17 0.005915575790334385
9.18 0.005722938571922156
9.19 0.005525151095081964
9.200000000000001 0.005322391355192678
9.21 0.005114841822334385
9.22 0.004902689277077461
9.23 0.004686124642392771
9.24 0.004465342811833846
9.25 0.004240542474145864
9.26 0.004011925934459186
9.27 0.0037796989322283763
9.28 0.003544070456080581
9.290000000000001 0.0033052525557398433
9.3 0.003063460151196848
9.31 0.0028189108392951273
9.32 0.002571824697908809
9.33 0.002322424087887336
9.34 0.0020709334529456945
9.35 0.0018175791176802119
9.36 0.0015625890838917205
9.370000000000001 0.00130619282539929
9.38 0.001048621081529413
9.39 7.901056494659519E-4
9.4 5.308791756485076E-4
9.41 2.711749464062562E-4
9.42 1.1226678015994135E-5
9.43 -2.487316936267113E-4
9.44 -5.084662235340338E-4
9.450000000000001 -7.677431681606536E-4
9.46 -0.001026329195757005
9.47 -0.0012839915963523128
9.48 -0.0015404984911777297
9.49 -0.0017956190413416196
9.5 -0.0020491236555689584
9.51 -0.0023007841968179783
9.52 -0.002550374187588129
9.53 -0.002797669013734548
9.540000000000001 -0.003042446126605651
9.55 -0.003284485243321705
9.56 -0.003523568545014878
9.57 -0.003759480872851285
9.58 -0.003992009921659469
9.59 -0.004220946430990738
9.6 -0.004446084373439458
9.61 -0.0046672211400537785
9.620000000000001 -0.004884157722670059
9.63 -0.005096698893006656
9.64 -0.0053046533783564056
9.65 -0.0055078340337189925
9.66 -0.005706058010218871
9.67 -0.005899146919656918
9.68 -0.006086926995047753
9.69 -0.006269229246998285
9.700000000000001 -0.006445889615786822
9.71 -0.006616749119005627
9.72 -0.0067816539946344906
9.73 -0.00694045583941609
9.74 -0.007093011742408935
9.75 -0.007239184413597544
9.76 -0.007378842307444204
9.77 -0.007511859741271072
9.78 -0.007638117008366122
9.790000000000001 -0.007757500485711095
9.8 -0.00786990273623448
9.81 -0.00797522260549775
9.82 -0.008073365312727454
9.83 -0.00816424253611151
9.84 -0.008247772492282902
9.85 -0.008323880009919186
9.86 -0.00839249659739159
9.870000000000001 -0.008453560504402874
9.88 -0.0085070167775584
9.89 -0.008552817309820533
9.9 -0.008590920883801676
9.91 -0.00862129320885716
9.92 -0.008643906951944506
9.93 -0.008658741762221318
9.94 -0.008665784289359667
9.950000000000001 -0.008665028195560484
9.96 -0.008656474161257153
9.97 -0.008640129884503167
9.98 -0.008616010074044401
9.99 -0.008584136436082227
10.0 -0.008544537654739406
