0.01 0.0017331494369695253
0.02 0.0017328141270220867
0.03 0.0017323055371059493
0.04 0.0017316237180796852
0.05 0.0017307687381246273
0.06 0.0017297406827380599
0.07 0.0017285396547246643
0.08 0.0017271657741862408
0.09 0.0017256191785096997
0.1 0.001723900022353318
0.11 0.0017220084776312797
0.12 0.0017199447334964805
0.13 0.0017177089963216143
0.14 0.0017153014896785352
0.15 0.0017127224543159014
0.16 0.0017099721481351005
0.17 0.001707050846164457
0.18 0.0017039588405317356
0.19 0.0017006964404349216
0.2 0.001697263972111306
0.21 0.001693661778804862
0.22 0.0016898902207319174
0.23 0.001685949675045137
0.24 0.001681840535795805
0.25 0.0016775632138944228
0.26 0.001673118137069616
0.27 0.0016685057498253622
0.28 0.001663726513396543
0.29 0.0016587809057028182
0.3 0.0016536694213008362
0.31 0.0016483925713347768
0.32 0.0016429508834852403
0.33 0.0016373449019164762
0.34 0.0016315751872219698
0.35000000000000003 0.0016256423163683832
0.36 0.001619546882637857
0.37 0.001613289495568685
0.38 0.0016068707808943594
0.39 0.0016002913804809991
0.4 0.001593551952263162
0.41000000000000003 0.0015866531701780545
0.42 0.0015795957240981357
0.43 0.0015723803197621323
0.44 0.0015650076787044652
0.45 0.0015574785381830963
0.46 0.0015497936511058034
0.47000000000000003 0.0015419537859548914
0.48 0.0015339597267103398
0.49 0.0015258122727714136
0.5 0.0015175122388767157
0.51 0.0015090604550227196
0.52 0.0015004577663807672
0.53 0.0014917050332125547
0.54 0.0014828031307841036
0.55 0.0014737529492782394
0.56 0.001464555393705571
0.5700000000000001 0.0014552113838139909
0.58 0.0014457218539967013
0.59 0.001436087753198776
0.6 0.001426310044822267
0.61 0.0014163897066298634
0.62 0.0014063277306471176
0.63 0.001396125123063243
0.64 0.0013857829041304958
0.65 0.0013753021080621507
0.66 0.0013646837829290807
0.67 0.001353928990554951
0.68 0.001343038806410035
0.6900000000000001 0.0013320143195036742
0.7000000000000001 0.0013208566322753708
0.71 0.0013095668604845504
0.72 0.0012981461330989837
0.73 0.0012865955921818914
0.74 0.001274916392777741
0.75 0.0012631097027967393
0.76 0.0012511767028980459
0.77 0.0012391185863717062
0.78 0.0012269365590193248
0.79 0.0012146318390334856
0.8 0.0012022056568759321
0.81 0.0011896592551545267
0.8200000000000001 0.0011769938884989845
0.8300000000000001 0.0011642108234354177
0.84 0.0011513113382596797
0.85 0.001138296722909539
0.86 0.0011251682788356843
0.87 0.0011119273188715832
0.88 0.001098575167102198
0.89 0.0010851131587315788
0.9 0.0010715426399493446
0.91 0.0010578649677960646
0.92 0.0010440815100275563
0.93 0.00103019364497811
0.9400000000000001 0.001016202761422658
0.9500000000000001 0.0010021102584378962
0.96 9.8791754526238E-4
0.97 9.736260411555994E-4
0.98 9.592371752560556E-4
0.99 9.447523864383478E-4
1.0 9.301731231691839E-4
1.01 9.155008433629497E-4
1.02 9.00737014235294E-4
1.03 8.858831121568264E-4
1.04 8.709406225053766E-4
1.05 8.559110395174579E-4
1.06 8.407958661388437E-4
1.07 8.255966138742771E-4
1.08 8.103148026363178E-4
1.09 7.949519605933548E-4
1.1 7.795096240167902E-4
1.11 7.639893371274134E-4
1.12 7.483926519409794E-4
1.1300000000000001 7.327211281130097E-4
1.1400000000000001 7.169763327828276E-4
1.1500000000000001 7.011598404168455E-4
1.16 6.8527323265112E-4
1.17 6.693180981331881E-4
1.18 6.532960323632062E-4
1.19 6.372086375343995E-4
1.2 6.210575223728447E-4
1.21 6.04844301976599E-4
1.22 5.885705976541907E-4
1.23 5.722380367624909E-4
1.24 5.558482525439784E-4
1.25 5.394028839634167E-4
1.26 5.229035755439596E-4
1.27 5.063519772026998E-4
1.28 4.89749744085678E-4
1.29 4.730985364023713E-4
1.3 4.564000192596717E-4
1.31 4.396558624953783E-4
1.32 4.2286774051121404E-4
1.33 4.060373321053871E-4
1.34 3.89166320304713E-4
1.35 3.7225639219631276E-4
1.36 3.553092387589054E-4
1.37 3.3832655469371225E-4
1.3800000000000001 3.2131003825498745E-4
1.3900000000000001 3.042613910801947E-4
1.4000000000000001 2.871823180198443E-4
1.41 2.700745269670101E-4
1.42 2.5293972868654013E-4
1.43 2.3577963664398388E-4
1.44 2.1859596683424564E-4
1.45 2.013904376099867E-4
1.46 1.841647695097915E-4
1.47 1.6692068508611548E-4
1.48 1.4965990873303097E-4
1.49 1.3238416651378937E-4
1.5 1.1509518598821612E-4
1.51 9.779469603995638E-5
1.52 8.048442670358795E-5
1.53 6.31661089916193E-5
1.54 4.5841474721389745E-5
1.55 2.851225634188914E-5
1.56 1.1180186760514481E-5
1.57 -6.153000830219431E-6
1.58 -2.3485573125997808E-5
1.59 -4.0815796884034835E-5
1.6 -5.81419390963965E-5
1.61 -7.546226716329998E-5
1.62 -9.277504906637215E-5
1.6300000000000001 -1.1007855354184997E-4
1.6400000000000001 -1.2737105025370542E-4
1.6500000000000001 -1.4465080996667768E-4
1.6600000000000001 -1.619161047191952E-4
1.67 -1.7916520799617005E-4
1.68 -1.9639639490164957E-4
1.69 -2.13607942331302E-4
1.7 -2.3079812914472735E-4
1.71 -2.4796523633756936E-4
1.72 -2.6510754721341455E-4
1.73 -2.822233475554607E-4
1.74 -2.9931092579793664E-4
1.75 -3.1636857319725765E-4
1.76 -3.333945840028986E-4
1.77 -3.5038725562796716E-4
1.78 -3.6734488881946125E-4
1.79 -3.8426578782819315E-4
1.8 -4.011482605783628E-4
1.81 -4.179906188367635E-4
1.82 -4.347911783816049E-4
1.83 -4.5154825917093305E-4
1.84 -4.68260185510633E-4
1.85 -4.849252862219974E-4
1.86 -5.015418948088427E-4
1.87 -5.181083496241572E-4
1.8800000000000001 -5.34622994036265E-4
1.8900000000000001 -5.510841765944865E-4
1.9000000000000001 -5.674902511942842E-4
1.9100000000000001 -5.838395772418692E-4
1.92 -6.001305198182611E-4
1.93 -6.163614498427788E-4
1.94 -6.325307442359448E-4
1.95 -6.486367860817945E-4
1.96 -6.646779647895649E-4
1.97 -6.806526762547528E-4
1.98 -6.965593230195238E-4
1.99 -7.123963144324571E-4
2.0 -7.281620668076087E-4
2.0100000000000002 -7.438550035828796E-4
2.02 -7.594735554776688E-4
2.0300000000000002 -7.750161606498033E-4
2.04 -7.904812648517168E-4
2.05 -8.058673215858773E-4
2.06 -8.211727922594336E-4
2.07 -8.36396146338072E-4
2.08 -8.515358614990714E-4
2.09 -8.665904237835314E-4
2.1 -8.815583277477697E-4
2.11 -8.964380766138623E-4
2.12 -9.112281824193233E-4
2.13 -9.259271661658959E-4
2.14 -9.40533557967456E-4
2.15 -9.550458971969941E-4
2.16 -9.694627326326822E-4
2.17 -9.83782622602989E-4
2.18 -9.980041351308523E-4
2.19 -0.0010121258480768696
2.2 -0.001026146349281515
2.21 -0.0010400642367063508
2.22 -0.0010538781185742336
2.23 -0.0010675866135084876
2.24 -0.0010811883506710437
2.25 -0.0010946819698995193
2.2600000000000002 -0.0011080661218432378
2.27 -0.0011213394680981562
2.2800000000000002 -0.0011345006813407122
2.29 -0.0011475484454605475
2.3000000000000003 -0.0011604814556921248
2.31 -0.0011732984187451966
2.32 -0.0011859980529341397
2.33 -0.0011985790883061182
2.34 -0.0012110402667680777
2.35 -0.0012233803422125582
2.36 -0.0012355980806422974
2.37 -0.001247692260293634
2.38 -0.001259661671758681
2.39 -0.0012715051181062672
2.4 -0.0012832214150016261
2.41 -0.0012948093908248335
2.42 -0.0013062678867879613
2.43 -0.0013175957570509648
2.44 -0.0013287918688362549
2.45 -0.0013398551025419847
2.46 -0.0013507843518540022
2.47 -0.0013615785238564847
2.48 -0.0013722365391412258
2.49 -0.0013827573319155802
2.5 -0.0013931398501090362
2.5100000000000002 -0.0014033830554784279
2.52 -0.0014134859237117535
2.5300000000000002 -0.001423447444530609
2.54 -0.0014332666217912132
2.5500000000000003 -0.0014429424735840236
2.56 -0.0014524740323319239
2.57 -0.0014618603448869813
2.58 -0.0014711004726257638
2.59 -0.0014801934915431962
2.6 -0.0014891384923449648
2.61 -0.0014979345805384433
2.62 -0.0015065808765221428
2.63 -0.0015150765156736697
2.64 -0.0015234206484361894
2.65 -0.0015316124404033777
2.66 -0.0015396510724028662
2.67 -0.0015475357405781514
2.68 -0.0015552656564689882
2.69 -0.0015628400470902289
2.7 -0.0015702581550091222
2.71 -0.001577519238421059
2.72 -0.0015846225712237492
2.73 -0.0015915674430898308
2.74 -0.0015983531595379053
2.75 -0.0016049790420019827
2.7600000000000002 -0.0016114444278993378
2.77 -0.0016177486706967688
2.7800000000000002 -0.0016238911399752496
2.79 -0.001629871221492971
2.8000000000000003 -0.0016356883172467648
2.81 -0.0016413418455319025
2.82 -0.0016468312410002678
2.83 -0.0016521559547168876
2.84 -0.0016573154542148276
2.85 -0.001662309223548438
2.86 -0.0016671367633449463
2.87 -0.0016717975908543967
2.88 -0.001676291239997921
2.89 -0.0016806172614143508
2.9 -0.0016847752225051485
2.91 -0.0016887647074776708
2.92 -0.0016925853173867444
2.93 -0.0016962366701745622
2.94 -0.0016997184007088884
2.95 -0.001703030160819571
2.96 -0.001706171619333359
2.97 -0.0017091424621070179
2.98 -0.0017119423920587474
2.99 -0.0017145711291978848
3.0 -0.0017170284106529064
3.0100000000000002 -0.001719313990697716
3.02 -0.0017214276407762118
3.0300000000000002 -0.0017233691495251488
3.04 -0.001725138322795269
3.0500000000000003 -0.0017267349836707204
3.06 -0.0017281589724867457
3.0700000000000003 -0.00172941014684565
3.08 -0.0017304883816310402
3.09 -0.0017313935690203355
3.1 -0.0017321256184955527
3.11 -0.001732684456852353
3.12 -0.0017330700282073676
3.13 -0.0017332822940037814
3.14 -0.0017333212330151917
3.15 -0.0017331868413477298
3.16 -0.0017328791324404513
3.17 -0.00173239813706399
3.18 -0.0017317439033174818
3.19 -0.0017309164966237572
3.2 -0.0017299159997227966
3.21 -0.0017287425126634548
3.22 -0.001727396152793461
3.23 -0.0017258770547476793
3.24 -0.0017241853704346494
3.25 -0.0017223212690213924
3.2600000000000002 -0.0017202849369164959
3.27 -0.001718076577751474
3.2800000000000002 -0.0017156964123604026
3.29 -0.0017131446787578373
3.3000000000000003 -0.0017104216321150118
3.31 -0.0017075275447343218
3.3200000000000003 -0.0017044627060220936
3.33 -0.0017012274224596435
3.34 -0.0016978220175726327
3.35 -0.0016942468318987107
3.36 -0.001690502222953467
3.37 -0.001686588565194675
3.38 -0.00168250624998485
3.39 -0.0016782556855521097
3.4 -0.001673837296949356
3.41 -0.0016692515260117674
3.42 -0.0016644988313126152
3.43 -0.0016595796881174105
3.44 -0.0016544945883363719
3.45 -0.0016492440404752404
3.46 -0.0016438285695844269
3.47 -0.0016382487172065079
3.48 -0.001632505041322071
3.49 -0.0016265981162939178
3.5 -0.0016205285328096293
3.5100000000000002 -0.001614296897822496
3.52 -0.0016079038344908236
3.5300000000000002 -0.0016013499821156167
3.54 -0.001594635996076653
3.5500000000000003 -0.0015877625477669398
3.56 -0.0015807303245255811
3.5700000000000003 -0.0015735400295690408
3.58 -0.0015661923819208228
3.59 -0.0015586881163395683
3.6 -0.0015510279832455828
3.61 -0.0015432127486457912
3.62 -0.0015352431940571414
3.63 -0.0015271201164284516
3.64 -0.0015188443280607139
3.65 -0.0015104166565258702
3.66 -0.0015018379445840499
3.67 -0.001493109050099299
3.68 -0.0014842308459537912
3.69 -0.0014752042199605432
3.7 -0.0014660300747746315
3.71 -0.0014567093278029305
3.72 -0.0014472429111123692
3.73 -0.0014376317713367288
3.74 -0.0014278768695819768
3.75 -0.0014179791813301603
3.7600000000000002 -0.0014079396963418555
3.77 -0.0013977594185571969
3.7800000000000002 -0.001387439365995477
3.79 -0.0013769805706533539
3.8000000000000003 -0.001366384078401645
3.81 -0.0013556509488807467
3.8200000000000003 -0.001344782255394664
3.83 -0.0013337790848036912
3.84 -0.0013226425374157167
3.85 -0.0013113737268761986
3.86 -0.0012999737800568013
3.87 -0.001288443836942705
3.88 -0.001276785050518615
3.89 -0.0012649985866534572
3.9 -0.001253085623983796
3.91 -0.0012410473537959707
3.92 -0.0012288849799069685
3.93 -0.0012165997185440431
3.94 -0.0012041927982230935
3.95 -0.0011916654596258113
3.96 -0.001179018955475618
3.97 -0.00116625455041239
3.98 -0.0011533735208659962
3.99 -0.001140377154928657
4.0 -0.0011272667522266371
4.01 -0.0011140436237882742
4.0200000000000005 -0.0011007090919158975
4.03 -0.001087264490051585
4.04 -0.0010737111626443181
4.05 -0.001060050465015543
4.0600000000000005 -0.0010462837632236378
4.07 -0.0010324124339273115
4.08 -0.0010184378642479335
4.09 -0.0010043614516308261
4.1 -9.901846037055203E-4
4.11 -9.759087381449942E-4
4.12 -9.615352825239092E-4
4.13 -9.470656741758484E-4
4.14 -9.325013600495892E-4
4.15 -9.178437965644054E-4
4.16 -9.030944494644338E-4
4.17 -8.882547936720919E-4
4.18 -8.733263131405927E-4
4.19 -8.583105007055474E-4
4.2 -8.432088579356895E-4
4.21 -8.280228949827097E-4
4.22 -8.127541304302485E-4
4.23 -7.974040911420356E-4
4.24 -7.81974312109211E-4
4.25 -7.664663362968188E-4
4.26 -7.508817144895165E-4
4.2700000000000005 -7.352220051364968E-4
4.28 -7.194887741956476E-4
4.29 -7.036835949769509E-4
4.3 -6.878080479851572E-4
4.3100000000000005 -6.718637207617355E-4
4.32 -6.558522077261235E-4
4.33 -6.397751100162806E-4
4.34 -6.236340353285801E-4
4.3500000000000005 -6.074305977570388E-4
4.36 -5.911664176319134E-4
4.37 -5.748431213576621E-4
4.38 -5.584623412503093E-4
4.39 -5.420257153742151E-4
4.4 -5.255348873782687E-4
4.41 -5.089915063315302E-4
4.42 -4.923972265583169E-4
4.43 -4.757537074727771E-4
4.44 -4.5906261341294884E-4
4.45 -4.4232561347433164E-4
4.46 -4.255443813429706E-4
4.47 -4.0872059512809416E-4
4.48 -3.918559371943029E-4
4.49 -3.7495209399333916E-4
4.5 -3.580107558954351E-4
4.51 -3.4103361702028293E-4
4.5200000000000005 -3.240223750676209E-4
4.53 -3.0697873114747136E-4
4.54 -2.899043896100219E-4
4.55 -2.728010578751975E-4
4.5600000000000005 -2.5567044626191755E-4
4.57 -2.385142678170709E-4
4.58 -2.2133423814420383E-4
4.59 -2.0413207523196689E-4
4.6000000000000005 -1.869094992823148E-4
4.61 -1.6966823253849325E-4
4.62 -1.5240999911280773E-4
4.63 -1.3513652481421875E-4
4.64 -1.1784953697576178E-4
4.65 -1.0055076428181331E-4
4.66 -8.32419365952302E-5
4.67 -6.592478478435564E-5
4.68 -4.8601040549939774E-5
4.69 -3.1272436251968105E-5
4.7 -1.394070473643306E-5
4.71 3.392420837958417E-6
4.72 2.0725207173093106E-5
4.73 3.805592100478297E-5
4.74 5.538282927608398E-5
4.75 7.270419931060958E-5
4.76 9.001829898579077E-5
4.7700000000000005 1.0732339690608989E-4
4.78 1.2461776257613276E-4
4.79 1.4189966657376577E-4
4.8 1.5916738072299072E-4
4.8100000000000005 1.7641917826678402E-4
4.82 1.9365333403976456E-4
4.83 2.1086812464071836E-4
4.84 2.2806182860493092E-4
4.8500000000000005 2.4523272657633546E-4
4.86 2.6237910147944077E-4
4.87 2.794992386910466E-4
4.88 2.9659142621169855E-4
4.89 3.136539548368881E-4
4.9 3.3068511832797296E-4
4.91 3.476832135827933E-4
4.92 3.646465408059907E-4
4.93 3.8157340367897844E-4
4.94 3.9846210952957663E-4
4.95 4.153109695012709E-4
4.96 4.3211829872210635E-4
4.97 4.488824164731671E-4
4.98 4.656016463566493E-4
4.99 4.8227431646349455E-4
5.0 4.988987595405873E-4
5.01 5.154733131574736E-4
5.0200000000000005 5.319963198726055E-4
5.03 5.484661273990772E-4
5.04 5.648810887698627E-4
5.05 5.812395625025038E-4
5.0600000000000005 5.975399127632607E-4
5.07 6.137805095306883E-4
5.08 6.299597287586448E-4
5.09 6.460759525386903E-4
5.1000000000000005 6.62127569261878E-4
5.11 6.781129737799093E-4
5.12 6.940305675656546E-4
5.13 7.098787588730006E-4
5.14 7.256559628960228E-4
5.15 7.413606019274678E-4
5.16 7.569911055165177E-4
5.17 7.725459106258392E-4
5.18 7.880234617878845E-4
5.19 8.034222112604365E-4
5.2 8.187406191813773E-4
5.21 8.339771537226812E-4
5.22 8.491302912435919E-4
5.23 8.641985164429859E-4
5.24 8.791803225108968E-4
5.25 8.940742112792048E-4
5.26 9.088786933714441E-4
5.2700000000000005 9.235922883517442E-4
5.28 9.382135248728651E-4
5.29 9.527409408233409E-4
5.3 9.671730834736826E-4
5.3100000000000005 9.815085096216527E-4
5.32 9.957457857365808E-4
5.33 0.0010098834881027206
5.34 0.001023920202961617
5.3500000000000005 0.0010378545266534823
5.36 0.0010516850657575569
5.37 0.001065410437231457
5.38 0.0010790292685494728
5.39 0.0010925401978398221
5.4 0.0011059418740208356
5.41 0.0011192329569360612
5.42 0.0011324121174882838
5.43 0.0011454780377724316
5.44 0.0011584294112073651
5.45 0.001171264942666531
5.46 0.0011839833486074814
5.47 0.0011965833572002203
5.48 0.0012090637084543902
5.49 0.0012214231543452633
5.5 0.0012336604589385505
5.51 0.001245774398513991
5.5200000000000005 0.0012577637616877232
5.53 0.0012696273495334187
5.54 0.00128136397570218
5.55 0.001292972466541171
5.5600000000000005 0.001304451661210982
5.57 0.0013158004118017106
5.58 0.0013270175834477558
5.59 0.0013381020544413
5.6000000000000005 0.001349052716344483
5.61 0.001359868474100237
5.62 0.0013705482461418008
5.63 0.0013810909645008704
5.64 0.0013914955749143954
5.65 0.0014017610369300056
5.66 0.0014118863240100523
5.67 0.0014218704236342657
5.68 0.0014317123374010035
5.69 0.001441411081127092
5.7 0.0014509656849462393
5.71 0.0014603751934060257
5.72 0.0014696386655634465
5.73 0.0014787551750790066
5.74 0.00148772381030935
5.75 0.001496543674398428
5.76 0.0015052138853671824
5.7700000000000005 0.001513733576201741
5.78 0.001522101894940119
5.79 0.001530318004757417
5.8 0.0015383810840495006
5.8100000000000005 0.0015462903265151594
5.82 0.0015540449412367375
5.83 0.0015616441527592246
5.84 0.0015690872011678014
5.8500000000000005 0.0015763733421638305
5.86 0.001583501847139283
5.87 0.0015904720032496017
5.88 0.0015972831134849846
5.89 0.0016039344967400835
5.9 0.001610425487882117
5.91 0.0016167554378173782
5.92 0.0016229237135561496
5.93 0.0016289296982759966
5.94 0.0016347727913834545
5.95 0.0016404524085740788
5.96 0.0016459679818908851
5.97 0.001651318959781138
5.98 0.0016565048071515078
5.99 0.0016615250054215775
6.0 0.0016663790525757048
6.01 0.0016710664632132194
6.0200000000000005 0.0016755867685969636
6.03 0.0016799395167001656
6.04 0.0016841242722516422
6.05 0.0016881406167793263
6.0600000000000005 0.0016919881486521112
6.07 0.0016956664831200168
6.08 0.0016991752523526607
6.09 0.0017025141054760442
6.1000000000000005 0.001705682708607637
6.11 0.0017086807448897666
6.12 0.0017115079145213028
6.13 0.0017141639347876393
6.140000000000001 0.001716648540088962
6.15 0.0017189614819668115
6.16 0.001721102529128927
6.17 0.001723071467472377
6.18 0.0017248681001049682
6.19 0.0017264922473649344
6.2 0.0017279437468389026
6.21 0.0017292224533781353
6.22 0.0017303282391130442
6.23 0.0017312609934659771
6.24 0.0017320206231622756
6.25 0.0017326070522396039
6.26 0.0017330202220555433
6.2700000000000005 0.0017332600912934551
6.28 0.0017333266359666158
6.29 0.0017332198494206146
6.3 0.001732939742334016
6.3100000000000005 0.001732486342717296
6.32 0.0017318596959100382
6.33 0.0017310598645764008
6.34 0.0017300869286988505
6.3500000000000005 0.0017289409855701648
6.36 0.0017276221497837013
6.37 0.0017261305532219405
6.38 0.0017244663450432937
6.390000000000001 0.001722629691667194
6.4 0.0017206207767574472
6.41 0.0017184398012038706
6.42 0.001716086983102202
6.43 0.0017135625577322905
6.44 0.0017108667775345703
6.45 0.0017079999120848141
6.46 0.0017049622480671779
6.47 0.0017017540892455322
6.48 0.0016983757564330852
6.49 0.0016948275874603038
6.5 0.0016911099371411276
6.51 0.0016872231772374917
6.5200000000000005 0.0016831676964221456
6.53 0.001678943900239793
6.54 0.0016745522110665314
6.55 0.001669993068067619
6.5600000000000005 0.0016652669271535552
6.57 0.0016603742609344952
6.58 0.0016553155586729812
6.59 0.0016500913262350256
6.6000000000000005 0.0016447020860395176
6.61 0.0016391483770059868
6.62 0.0016334307545007075
6.63 0.0016275497902811656
6.640000000000001 0.0016215060724388828
6.65 0.0016153002053406063
6.66 0.0016089328095678752
6.67 0.0016024045218549605
6.68 0.0015957159950251922
6.69 0.0015888678979256805
6.7 0.0015818609153604286
6.71 0.0015746957480218537
6.72 0.001567373112420719
6.73 0.001559893740814481
6.74 0.0015522583811340696
6.75 0.0015444677969090892
6.76 0.0015365227671914699
6.7700000000000005 0.0015284240864775619
6.78 0.00152017256462869
6.79 0.001511769026790161
6.8 0.0015032143133087567
6.8100000000000005 0.0014945092796486946
6.82 0.001485654796306089
6.83 0.0014766517487218942
6.84 0.0014675010371933666
6.8500000000000005 0.0014582035767840315
6.86 0.0014487602972321854
6.87 0.0014391721428579118
6.88 0.0014294400724686586
6.890000000000001 0.0014195650592633538
6.9 0.0014095480907350905
6.91 0.001399390168572373
6.92 0.0013890923085589527
6.93 0.0013786555404722502
6.94 0.0013680809079803747
6.95 0.0013573694685377663
6.96 0.001346522293279441
6.97 0.0013355404669138865
6.98 0.001324425087614586
6.99 0.0013131772669102088
7.0 0.0013017981295734512
7.01 0.0012902888135085649
7.0200000000000005 0.0012786504696375637
7.03 0.001266884261785138
7.04 0.0012549913665622675
7.05 0.0012429729732485633
7.0600000000000005 0.00123083028367334
7.07 0.0012185645120954395
7.08 0.0012061768850817967
7.09 0.0011936686413847892
7.1000000000000005 0.0011810410318183631
7.11 0.0011682953191329538
7.12 0.0011554327778892073
7.13 0.0011424546943305295
7.140000000000001 0.0011293623662544596
7.15 0.0011161571028828977
7.16 0.0011028402247311752
7.17 0.0010894130634760103
7.18 0.0010758769618223387
7.19 0.0010622332733690452
7.2 0.0010484833624736073
7.21 0.001034628604115655
7.22 0.0010206703837594788
7.23 0.0010066100972154816
7.24 9.924491505006027E-4
7.25 9.78188959697712E-4
7.26 9.638309508140066E-4
7.2700000000000005 9.493765596384079E-4
7.28 9.348272315979914E-4
7.29 9.20184421613435E-4
7.3 9.054495939535351E-4
7.3100000000000005 8.906242220887776E-4
7.32 8.757097885439967E-4
7.33 8.607077847501172E-4
7.34 8.456197108950167E-4
7.3500000000000005 8.304470757735061E-4
7.36 8.151913966364565E-4
7.37 7.99854199039067E-4
7.38 7.844370166883168E-4
7.390000000000001 7.689413912895916E-4
7.4 7.533688723925211E-4
7.41 7.377210172360165E-4
7.42 7.219993905925541E-4
7.43 7.062055646116965E-4
7.44 6.903411186628789E-4
7.45 6.744076391774788E-4
7.46 6.584067194901655E-4
7.47 6.423399596795736E-4
7.48 6.262089664082937E-4
7.49 6.100153527622137E-4
7.5 5.937607380892019E-4
7.51 5.7744674783718E-4
7.5200000000000005 5.61075013391577E-4
7.53 5.446471719121971E-4
7.54 5.281648661694975E-4
7.55 5.116297443803166E-4
7.5600000000000005 4.950434600430529E-4
7.57 4.7840767177232123E-4
7.58 4.6172404313308407E-4
7.59 4.449942424743024E-4
7.6000000000000005 4.282199427620991E-4
7.61 4.114028214124698E-4
7.62 3.9454456012353375E-4
7.63 3.7764684470737147E-4
7.640000000000001 3.607113649214417E-4
7.65 3.437398142996129E-4
7.66 3.267338899828031E-4
7.67 3.096952925492723E-4
7.68 2.9262572584456525E-4
7.69 2.7552689681112607E-4
7.7 2.5840051531761236E-4
7.71 2.4124829398789987E-4
7.72 2.2407194802982823E-4
7.73 2.0687319506367804E-4
7.74 1.8965375495041674E-4
7.75 1.724153496197047E-4
7.76 1.5515970289770966E-4
7.7700000000000005 1.3788854033472265E-4
7.78 1.2060358903261043E-4
7.79 1.033065774720976E-4
7.8 8.59992353399261E-5
7.8100000000000005 6.868329335588485E-5
7.82 5.136048309974544E-5
7.83 3.403253683809632E-5
7.84 1.6701187351123735E-5
7.8500000000000005 -6.31832240667891E-7
7.86 -1.7964788649760432E-5
7.87 -3.529594859495861E-5
7.88 -5.262357897471048E-5
7.890000000000001 -6.994594704041925E-5
7.9 -8.726132056971054E-5
7.91 -1.045679680396624E-4
7.92 -1.2186415879994997E-4
7.930000000000001 -1.3914816324591214E-4
7.94 -1.5641825299150466E-4
7.95 -1.7367270104214614E-4
7.96 -1.9090978196741021E-4
7.97 -2.0812777207356842E-4
7.98 -2.2532494957596007E-4
7.99 -2.4249959477116282E-4
8.0 -2.5964999020874007E-4
8.01 -2.7677442086388614E-4
8.02 -2.938711743075904E-4
8.03 -3.1093854087875565E-4
8.040000000000001 -3.2797481385495085E-4
8.05 -3.4497828962306876E-4
8.06 -3.6194726784970536E-4
8.07 -3.788800516511788E-4
8.08 -3.957749477632193E-4
8.09 -4.126302667102949E-4
8.1 -4.294443229745569E-4
8.11 -4.462154351643905E-4
8.120000000000001 -4.6294192618255564E-4
8.13 -4.7962212339388313E-4
8.14 -4.962543587925551E-4
8.15 -5.128369691688916E-4
8.16 -5.293682962756741E-4
8.17 -5.458466869939677E-4
8.18 -5.622704934984328E-4
8.19 -5.78638073422105E-4
8.2 -5.949477900206318E-4
8.21 -6.111980123359477E-4
8.22 -6.27387115359357E-4
8.23 -6.435134801940514E-4
8.24 -6.595754942169856E-4
8.25 -6.755715512401426E-4
8.26 -6.915000516711502E-4
8.27 -7.073594026732385E-4
8.28 -7.231480183245239E-4
8.290000000000001 -7.388643197766009E-4
8.3 -7.545067354124157E-4
8.31 -7.700737010034426E-4
8.32 -7.855636598660953E-4
8.33 -8.009750630173957E-4
8.34 -8.163063693298711E-4
8.35 -8.315560456856666E-4
8.36 -8.467225671298549E-4
8.370000000000001 -8.618044170229323E-4
8.38 -8.768000871924727E-4
8.39 -8.917080780839583E-4
8.4 -9.06526898910723E-4
8.41 -9.212550678030333E-4
8.42 -9.358911119562734E-4
8.43 -9.504335677782245E-4
8.44 -9.648809810354229E-4
8.45 -9.792319069985827E-4
8.46 -9.934849105870688E-4
8.47 -0.0010076385665123955
8.48 -0.0010216914594207665
8.49 -0.0010356421840346025
8.5 -0.001049489345293067
8.51 -0.001063231558491574
8.52 -0.0010768674494202551
8.53 -0.0010903956545013805
8.540000000000001 -0.0011038148209257185
8.55 -0.001117123606787804
8.56 -0.001130320681220144
8.57 -0.001143404724526293
8.58 -0.0011563744283128229
8.59 -0.001169228495620164
8.6 -0.001181965641052297
8.61 -0.0011945845909052926
8.620000000000001 -0.0012070840832946838
8.63 -0.0012194628682816436
8.64 -0.0012317197079979906
8.65 -0.0012438533767699677
8.66 -0.0012558626612408086
8.67 -0.001267746360492074
8.68 -0.0012795032861637426
8.69 -0.001291132262573044
8.700000000000001 -0.0013026321268320292
8.71 -0.0013140017289638534
8.72 -0.0013252399320177783
8.73 -0.0013363456121828644
8.74 -0.00134731765890035
8.75 -0.001358154974974707
8.76 -0.0013688564766833576
8.77 -0.0013794210938850508
8.78 -0.0013898477701268686
8.790000000000001 -0.0014001354627498784
8.8 -0.001410283142993387
8.81 -0.0014202897960978282
8.82 -0.0014301544214062305
8.83 -0.0014398760324642837
8.84 -0.0014494536571189832
8.85 -0.0014588863376158445
8.86 -0.0014681731306946794
8.870000000000001 -0.0014773131076839196
8.88 -0.0014863053545934796
8.89 -0.0014951489722061645
8.9 -0.001503843076167582
8.91 -0.0015123867970745807
8.92 -0.0015207792805621903
8.93 -0.001529019687389056
8.94 -0.001537107193521361
8.950000000000001 -0.001545040990215234
8.96 -0.001552820284097614
8.97 -0.0015604442972455964
8.98 -0.0015679122672642202
8.99 -0.0015752234473627072
9.0 -0.0015823771064291396
9.01 -0.0015893725291035723
9.02 -0.0015962090158495674
9.03 -0.0016028858830241471
9.040000000000001 -0.0016094024629461593
9.05 -0.0016157581039630401
9.06 -0.0016219521705159853
9.07 -0.001627984043203501
9.08 -0.001633853118843345
9.09 -0.001639558810532845
9.1 -0.0016451005477075861
9.11 -0.0016504777761984682
9.120000000000001 -0.001655689958287126
9.13 -0.0016607365727596905
9.14 -0.001665617114958922
9.15 -0.001670331096834667
9.16 -0.0016748780469926661
9.17 -0.0016792575107416935
9.18 -0.0016834690501390235
9.19 -0.001687512244034225
9.200000000000001 -0.0016913866881112798
9.21 -0.0016950919949290074
9.22 -0.0016986277939598133
9.23 -0.0017019937316267422
9.24 -0.0017051894713388319
9.25 -0.0017082146935247736
9.26 -0.001711069095664871
9.27 -0.0017137523923212877
9.28 -0.0017162643151665945
9.290000000000001 -0.0017186046130106007
9.3 -0.001720773051825471
9.31 -0.0017227694147691314
9.32 -0.0017245935022069515
9.33 -0.0017262451317317073
9.34 -0.0017277241381818231
9.35 -0.0017290303736578858
9.36 -0.0017301637075374365
9.370000000000001 -0.0017311240264880315
9.38 -0.0017319112344785768
9.39 -0.0017325252527889284
9.4 -0.001732966020017767
9.41 -0.0017332334920887385
9.42 -0.0017333276422548565
9.43 -0.0017332484611011843
9.44 -0.001732995956545771
9.450000000000001 -0.0017325701538388613
9.46 -0.0017319710955603716
9.47 -0.00173119884161563
9.48 -0.0017302534692293877
9.49 -0.001729135072938096
9.5 -0.0017278437645804512
9.51 -0.0017263796732862136
9.52 -0.0017247429454632923
9.53 -0.0017229337447831055
9.540000000000001 -0.0017209522521642138
9.55 -0.001718798665754228
9.56 -0.001716473200909994
9.57 -0.0017139760901760585
9.58 -0.0017113075832614138
9.59 -0.0017084679470145286
9.6 -0.00170545746539666
9.61 -0.0017022764394534619
9.620000000000001 -0.0016989251872848766
9.63 -0.0016954040440133298
9.64 -0.0016917133617502132
9.65 -0.0016878535095606786
9.66 -0.0016838248734267276
9.67 -0.0016796278562086168
9.68 -0.00167526287760457
9.69 -0.001670730374108811
9.700000000000001 -0.0016660307989679107
9.71 -0.0016611646221354685
9.72 -0.0016561323302251123
9.73 -0.0016509344264618393
9.74 -0.0016455714306316941
9.75 -0.001640043879029791
9.76 -0.0016343523244066833
9.77 -0.0016284973359130908
9.78 -0.0016224794990429834
9.790000000000001 -0.0016162994155750328
9.8 -0.001609957703512437
9.81 -0.001603454997021117
9.82 -0.001596791946366303
9.83 -0.0015899692178475077
9.84 -0.001582987493731898
9.85 -0.0015758474721860665
9.86 -0.0015685498672062188
9.870000000000001 -0.0015610954085467695
9.88 -0.001553484841647375
9.89 -0.0015457189275583827
9.9 -0.0015377984428647286
9.91 -0.001529724179608283
9.92 -0.0015214969452086425
9.93 -0.0015131175623823905
9.94 -0.001504586869060828
9.950000000000001 -0.0014959057183061759
9.96 -0.0014870749782262785
9.97 -0.0014780955318877838
9.98 -0.0014689682772278426
9.99 -0.0014596941269643144
10.0 -0.0014502740085044975
