0.1 0.10006800158720633
0.2 0.11059224518412832
0.30000000000000004 0.12222333314219024
0.4 0.1350776732990201
0.5 0.14928391621140044
0.6000000000000001 0.1649842427332815
0.7000000000000001 0.18233578700955616
0.8 0.201512209127397
0.9 0.2227054331647772
1.0 0.24612756803115163
1.1 0.27201303032471424
1.2000000000000002 0.30062089045250345
1.3 0.33223746549411187
1.4000000000000001 0.36717918475925393
1.5 0.4057957567186525
1.6 0.4484736690039554
1.7000000000000002 0.4956400565058555
1.8 0.5477669762836421
1.9000000000000001 0.6053761320709143
2.0 0.6690440956618818
2.1 0.7394080774357333
2.2 0.8171723037721991
2.3000000000000003 0.9031150651859133
2.4000000000000004 0.9980965057194643
2.5 1.103067231554076
2.6 1.2190778249957814
2.7 1.3472893590562516
2.8000000000000003 1.488985017861748
2.9000000000000004 1.6455829391911532
3.0 1.8186504076755088
3.1 2.0099195407093924
3.2 2.2213046240639835
3.3000000000000003 2.454921270702475
3.4000000000000004 2.7131075945456895
3.5 2.998447611102071
3.6 3.313797099163409
3.7 3.6623121823988423
3.8000000000000003 4.047480916901358
3.9000000000000004 4.473158200825537
4.0 4.94360435550397
4.1000000000000005 5.463527764175096
4.2 6.038131995065179
4.3 6.673167880448123
4.4 7.374991072907779
4.5 8.150625654845193
4.6000000000000005 9.007834437856195
4.7 9.95519665555896
4.800000000000001 11.00219382744772
4.9 12.159304653126615
5.0 13.438109886657431
5.1000000000000005 14.851408240638639
5.2 16.41334448002284
5.300000000000001 18.13955098767871
5.4 20.047304218532894
5.5 22.155697608137793
5.6000000000000005 24.485832666192092
5.7 27.06103016754218
5.800000000000001 29.907063554335412
5.9 33.05241688529159
6.0 36.52856991373674
6.1000000000000005 40.37031314755493
6.2 44.616096044284646
6.300000000000001 49.30841182621337
6.4 54.49422276682833
6.5 60.2254302050345
6.6000000000000005 66.55939399119887
6.7 73.55950656381195
6.800000000000001 81.29582740231973
6.9 89.84578420594107
7.0 99.29494781610636
7.1000000000000005 109.73788863819986
7.2 121.27912313396246
7.300000000000001 134.0341598573709
7.4 148.13065550306865
7.5 163.7096925374738
7.6000000000000005 180.927191199522
7.7 199.9554700028239
7.800000000000001 220.98497035726862
7.9 244.22616257066224
8.0 269.91165230631105
8.1 298.29850857868075
8.200000000000001 329.6708365864975
8.3 364.34262113306613
8.4 402.6608690917183
8.5 445.0090823672324
8.6 491.81109611179556
8.700000000000001 543.5353206096645
8.8 600.699429284724
8.9 663.8755397501159
9.0 733.6959397536014
9.1 810.8594153258624
9.200000000000001 896.1382444659674
9.3 990.3859263591519
9.4 1094.5457234835444
9.5 1209.6601020980822
9.600000000000001 1336.881165595221
9.700000000000001 1477.4821851389122
9.8 1632.8703429903849
9.9 1804.6008160611807
10.0 1994.3923406463969
10.100000000000001 2204.144414115221
10.200000000000001 2435.956305719029
10.3 2692.1480667836613
10.4 2975.2837505628772
10.5 3288.19707414513
10.600000000000001 3634.0197792466374
10.700000000000001 4016.212975735067
10.8 4438.601781580452
10.9 4905.413605921472
11.0 5421.320458397003
11.100000000000001 5991.485708188914
11.200000000000001 6621.615760756263
11.3 7318.017169459174
11.4 8087.659753664544
11.5 8938.246355040908
11.600000000000001 9878.289930186884
11.700000000000001 10917.198751162061
11.8 12065.370566636086
11.9 13334.296666052094
12.0 14736.676888313834
12.100000000000001 16286.546726042001
12.200000000000001 17999.417797501766
12.3 19892.43309209217
12.4 21984.538543145893
12.5 24296.672645198
12.600000000000001 26851.97601347698
12.700000000000001 29676.022982959614
12.8 32797.07756491148
12.9 36246.37632261143
13.0 40058.44099737589
13.100000000000001 44271.424013749136
13.200000000000001 48927.490321791374
13.3 54073.23939807153
13.4 59760.17162889095
13.5 66045.20374345967
13.600000000000001 72991.23845565264
13.700000000000001 80667.7940155121
13.8 89151.6999712607
13.9 98527.86610524287
14.0 108890.13223956569
14.100000000000001 120342.20741657967
14.200000000000001 132998.70785383132
14.3 146986.30406169355
14.4 162444.9886044081
14.5 179529.47719272174
14.600000000000001 198410.75713072155
14.700000000000001 219277.7986142439
14.8 242339.44600811077
14.9 267826.5080307275
15.0 295994.06776531384
15.100000000000001 327124.03561713785
15.200000000000001 361527.97076760296
15.3 399550.19936325756
15.4 441571.2606475992
15.5 488011.71552572824
15.600000000000001 539336.3556792416
15.700000000000001 596058.8553576012
15.8 658746.9124026794
15.9 728027.9299595671
16.0 804595.2957382711
16.1 889215.3216704136
16.2 982734.9134174212
16.3 1086090.046486525
16.400000000000002 1200315.1337883372
16.5 1326553.3783889476
16.6 1466068.2150704677
16.7 1620255.955210951
16.8 1790659.7615380245
16.900000000000002 1978985.092620102
17.0 2187116.771668974
17.1 2417137.8504840494
17.2 2671350.457334849
17.3 2952298.83743456
17.400000000000002 3262794.816601225
17.5 3605945.9429556327
17.6 3985186.5883074384
17.7 4404312.3205024805
17.8 4867517.89074162
17.900000000000002 5379439.216060561
18.0 5945199.7771457825
18.1 6570461.895851349
18.2 7261483.40561908
18.3 8025180.281979131
18.400000000000002 8869195.859957471
18.5 9801977.331141911
18.6 1.0832860286014808E7
18.7 1.1972162147680182E7
18.8 1.3231285432102242E7
18.900000000000002 1.4622831868317401E7
19.0 1.6160728520774145E7
19.1 1.7860367176075295E7
19.200000000000003 1.973875838915132E7
19.3 2.1814701730611708E7
19.400000000000002 2.410897393916659E7
19.5 2.6644536862210553E7
19.6 2.9446767265709717E7
19.700000000000003 3.2543710813404374E7
19.8 3.596636275723842E7
19.900000000000002 3.974897814825902E7
20.0 4.392941467268018E7
20.1 4.8549511544331856E7
20.200000000000003 5.365550824557355E7
20.3 5.92985073075759E7
20.400000000000002 6.553498576162923E7
20.5 7.242736038025413E7
20.6 8.004461236524136E7
20.700000000000003 8.846297773470324E7
20.8 9.776671031876737E7
20.900000000000002 1.0804892500022817E8
21.0 1.1941252963958867E8
21.1 1.3197125501151992E8
21.200000000000003 1.4585079306067708E8
21.3 1.6119005486892942E8
21.400000000000002 1.7814256092415905E8
21.5 1.968779776048994E8
21.6 2.1758381525848377E8
21.700000000000003 2.4046730486762094E8
21.8 2.6575747208772472E8
21.900000000000002 2.9370742941265446E8
22.0 3.245969094096211E8
22.1 3.587350643767493E8
22.200000000000003 3.9646356044317913E8
22.3 4.3815999707852733E8
22.400000000000002 4.842416862352998E8
22.5 5.351698289471648E8
22.6 5.914541311839263E8
22.700000000000003 6.536579051601753E8
22.8 7.22403707153274E8
22.900000000000002 7.983795682558365E8
23.0 8.8234588042214E8
23.1 9.751430067264034E8
23.200000000000003 1.077699691998868E9
23.3 1.1910423580162294E9
23.400000000000002 1.3163053762757823E9
23.5 1.4547424211666138E9
23.6 1.6077390171642995E9
23.700000000000003 1.776826405625511E9
23.8 1.9636968699661942E9
23.900000000000002 2.170220672602818E9
24.0 2.3984647731672006E9
24.1 2.6507135153332987E9
24.200000000000003 2.9294914892964334E9
24.3 3.237588798720528E9
24.400000000000002 3.5780889850334044E9
24.5 3.9543998885457215E9
24.6 4.3702877552623205E9
24.700000000000003 4.829914930738026E9
24.8 5.337881518231011E9
24.900000000000002 5.899271418082407E9
25.0 6.519703209099547E9
25.1 7.205386381181303E9
25.200000000000003 7.96318348197992E9
25.3 8.800678799584562E9
25.400000000000002 9.726254268625772E9
25.5 1.074917335949431E10
25.6 1.1879673790266634E10
25.700000000000003 1.3129069989228205E10
25.8 1.4509866333474737E10
25.900000000000002 1.6035882296921227E10
26.0 1.7722390760241417E10
26.1 1.9586270866991413E10
26.200000000000003 2.1646176955751244E10
26.3 2.3922725259015476E10
26.400000000000002 2.643870023737766E10
26.5 2.9219282614069447E10
26.6 3.2292301392102978E10
26.700000000000003 3.5688512376286026E10
26.8 3.9441905987654045E10
26.900000000000002 4.359004745102907E10
27.0 4.8174452760414734E10
27.1 5.3241004185019554E10
27.200000000000003 5.8840409474427536E10
27.3 6.502870935879998E10
27.400000000000002 7.186783842333952E10
27.5 7.94262449704343E10
27.6 8.777957607327628E10
27.700000000000003 9.701143467719403E10
27.8 1.0721421632603001E11
27.900000000000002 1.1849003388779985E11
28.0 1.309517395345941E11
28.1 1.4472405420505063E11
28.200000000000003 1.5994481585342578E11
28.3 1.7676635897817065E11
28.400000000000002 1.953570392367946E11
28.5 2.1590291840586816E11
28.6 2.3860962654982526E11
28.700000000000003 2.637044200357582E11
28.8 2.914384559915245E11
28.900000000000002 3.220893059707028E11
29.0 3.55963733981989E11
29.1 3.934007666865109E11
29.200000000000003 4.3477508649059564E11
29.3 4.805007814932296E11
29.400000000000002 5.310354898189396E11
29.5 5.868849798139473E11
29.6 6.48608211945789E11
29.700000000000003 7.16822933067533E11
29.8 7.922118590359222E11
29.900000000000002 8.755295075611469E11
30.0 9.676097496736705E11
30.1 1.0693741553857992E12
30.200000000000003 1.181841217074096E12
30.3 1.3061365428934163E12
30.400000000000002 1.4435041222416716E12
30.5 1.595318776023807E12
30.6 1.7630999163215513E12
30.700000000000003 1.948526753180189E12
30.8 2.153455100707106E12
30.900000000000002 2.3799359506831616E12
31.0 2.6302359995777437E12
31.1 2.906860334408958E12
31.200000000000003 3.2125775044964365E12
31.3 3.550447230033491E12
31.400000000000002 3.92385102479526E12
31.5 4.336526039465039E12
31.6 4.792602464294535E12
31.700000000000003 5.296644865436011E12
31.8 5.853697868654568E12
31.900000000000002 6.469336647638441E12
32.0 7.14972272220845E12
32.1 7.901665624889443E12
32.2 8.732691052985866E12
32.300000000000004 9.651116188299395E12
32.4 1.0666132938277527E13
32.5 1.1787899931713098E13
32.6 1.3027644189715246E13
32.7 1.4397773489510496E13
32.800000000000004 1.5912000545647555E13
32.9 1.7585480251453416E13
33.0 1.943496135429997E13
33.1 2.1478954082696457E13
33.2 2.3737915402878363E13
33.300000000000004 2.6234453759001164E13
33.4 2.899355534604828E13
33.5 3.2042834180069336E13
33.6 3.5412808468533016E13
33.7 3.913720604680574E13
33.800000000000004 4.3253301937664164E13
33.9 4.780229141225122E13
34.0 5.282970228619741E13
34.1 5.8385850577300016E13
34.2 6.452634408514232E13
34.300000000000004 7.131263893264198E13
34.4 7.881265463958466E13
34.5 8.710145388400884E13
34.6 9.626199375471388E13
34.7 1.0638595601368955E14
34.800000000000004 1.1757466467800489E14
34.9 1.2994010010462638E14
35.0 1.4360601972747166E14
35.1 1.587091966633997E14
35.2 1.754007885835382E14
35.300000000000004 1.938478505500617E14
35.4 2.142350069594014E14
35.5 2.367662993252648E14
35.6 2.6166722839467688E14
35.7 2.8918701103525556E14
35.800000000000004 3.1960107448138625E14
35.9 3.5321381290255506E14
36.0 3.9036163388251744E14
36.1 4.314163252994522E14
36.2 4.767887763040185E14
36.300000000000004 5.269330896360774E14
36.4 5.82351126437538E14
36.5 6.435975290473622E14
36.6 7.112852720484928E14
36.7 7.860917971235208E14
36.800000000000004 8.687657931187384E14
36.9 9.601346891737486E14
37.0 1.0611129359104299E15
37.1 1.1727111575620772E15
37.2 1.2960462666404382E15
37.300000000000004 1.4323526423715308E15
37.4 1.5829944847778155E15
37.5 1.7494794680505875E15
37.6 1.9334738298599662E15
37.7 2.1368190476215808E15
37.800000000000004 2.361550268621476E15
37.9 2.609916678454174E15
38.0 2.8844040116281485E15
38.1 3.187759429632167E15
38.2 3.5230190154508895E15
38.300000000000004 3.8935381597038295E15
38.400000000000006 4.3030251425224555E15
38.5 4.755578247264109E15
38.6 5.255726777509461E15
38.7 5.808476387854906E15
38.800000000000004 6.419359182186335E15
38.900000000000006 7.094489080834221E15
39.0 7.84062301074317E15
39.1 8.66522853106809E15
39.2 9.57655857101583E15
39.300000000000004 1.0583734027934792E16
39.400000000000006 1.1696835052321186E16
39.5 1.2927001933353146E16
39.6 1.4286546594649586E16
39.7 1.5789075816139422E16
39.800000000000004 1.744962741528884E16
39.900000000000006 1.9284820750632784E16
40.0 2.1313023053901008E16
40.1 2.3554533255447248E16
40.2 2.6031785142766052E16
40.300000000000004 2.8769571885378808E16
40.400000000000006 3.1795294173207484E16
40.5 3.5139234451888796E16
40.6 3.8834859999669416E16
40.7 4.291915787917396E16
40.800000000000004 4.7433005116360408E16
40.900000000000006 5.2421577811535008E16
41.0 5.7934803276947816E16
41.1 6.4027859726116536E16
41.2 7.0761728515931104E16
41.300000000000004 7.820380446857144E16
41.400000000000006 8.6428570381539648E16
41.5 9.5518342476531344E16
41.6 1.05564094247852432E17
41.7 1.1666636695572344E17
41.800000000000004 1.28936275877007472E17
41.900000000000006 1.4249662238424752E17
42.0 1.57483122983076832E17
42.1 1.74045767608627328E17
42.2 1.92350320775207808E17
42.300000000000004 2.12579980603281984E17
42.400000000000006 2.34937212327832864E17
42.5 2.59645774638482912E17
42.6 2.86952959131675328E17
42.7 3.1713206528807776E17
42.800000000000004 3.5048513574565171E17
42.900000000000006 3.8734597924389037E17
43.0 4.2808351149387872E17
43.1 4.7310544741073773E17
43.2 5.2286238166151571E17
43.300000000000004 5.7785229836807782E17
43.400000000000006 6.3862555509957235E17
43.5 7.0579039103596058E17
43.6 7.8001901443018406E17
43.7 8.6205433029426957E17
43.800000000000004 9.5271737564240666E17
43.900000000000006 1.0529155367053417E18
44.0 1.16365163035674931E18
44.1 1.28603394064159488E18
44.2 1.42128731085531597E18
44.300000000000004 1.57076540218724045E18
44.400000000000006 1.7359642416167383E18
44.5 1.91853719465405517E18
44.6 2.1203115127781033E18
44.7 2.3433066211833446E18
44.800000000000004 2.5897543298659441E18
44.900000000000006 2.8621211703283333E18
45.0 3.1631330814554931E18
45.1 3.4958026916276244E18
45.2 3.8634594701174282E18
45.300000000000004 4.2697830495377393E18
45.400000000000006 4.7188400528414679E18
45.5 5.2151247934509138E18
45.6 5.7636042558572268E18
45.7 6.3697678068704492E18
45.800000000000004 7.0396821350477302E18
45.900000000000006 7.7800519681514445E18
46.0 8.5982871763181332E18
46.1 9.502576932529592E18
46.2 1.0501971672608217E19
46.300000000000004 1.1606473675020882E19
46.400000000000006 1.2827137167043684E19
46.5 1.4176178959183847E19
46.6 1.5667100715125916E19
46.7 1.7314824080919368E19
46.800000000000004 1.9135840025828016E19
46.900000000000006 2.1148373889493103E19
47.0 2.3372567787258016E19
47.1 2.5830682199229284E19
47.2 2.8547318760642556E19
47.300000000000004 3.1549666483297546E19
47.400000000000006 3.486777387232648E19
47.5 3.853484966173292E19
47.6 4.258759517856448E19
47.7 4.706657166212821E19
47.800000000000004 5.201660621450757E19
47.900000000000006 5.7487240445266846E19
48.0 6.3533226300530704E19
48.1 7.021507403886549E19
48.2 7.759965783828265E19
48.300000000000004 8.57608850954911E19
48.400000000000006 9.478043611596417E19
48.5 1.0474858159788979E20
48.6 1.1576508609166189E20
48.7 1.2794020647702856E20
48.800000000000004 1.4139579545100576E20
48.900000000000006 1.5626652107062474E20
49.0 1.727012145561089E20
49.1 1.9086435984375448E20
49.2 2.1093773979644327E20
49.300000000000004 2.331222555476376E20
49.400000000000006 2.576399371874488E20
49.5 2.8473616591440334E20
49.6 3.1468212989296155E20
49.7 3.477775383958049E20
49.800000000000004 3.84353621394981E20
49.900000000000006 4.247764446227917E20
50.0 4.694505732806774E20
50.1 5.188231210637463E20
50.2 5.733882250248941E20
50.300000000000004 6.336919910645292E20
50.400000000000006 7.003379595419717E20
50.5 7.739931457102224E20
50.6 8.553947154288263E20
50.7 9.453573629675346E20
50.800000000000004 1.0447814647404048E21
50.900000000000006 1.1546620905755747E21
51.0 1.276098962708547E21
51.1 1.410307462171989E21
51.2 1.5586307927375557E21
51.300000000000004 1.7225534241507414E21
51.400000000000006 1.903715949203028E21
51.5 2.1039315033359516E21
51.6 2.325203911110074E21
51.7 2.5697477411546113E21
51.800000000000004 2.8400104703146674E21
51.900000000000006 3.1386969788221175E21
52.0 3.468796621646081E21
52.1 3.833613146962309E21
52.2 4.2367977611752133E21
52.300000000000004 4.6823856714188666E21
52.400000000000006 5.174836471266253E21
52.5 5.719078773840637E21
52.6 6.320559539032416E21
52.7 6.985298588504258E21
52.800000000000004 7.719948854089786E21
52.900000000000006 8.531862962571464E21
53.0 9.429166823240668E21
53.1 1.0420840954729341E22
53.2 1.151681036505855E22
53.300000000000004 1.272804388445491E22
53.400000000000006 1.4066663945090185E22
53.5 1.5546067906456841E22
53.6 1.7181062140645293E22
53.7 1.8988010219491738E22
53.800000000000004 2.0984996686705495E22
53.900000000000006 2.319200805406077E22
54.0 2.5631132833124004E22
54.1 2.832678260450258E22
54.2 3.1305936337147437E22
54.300000000000004 3.459841040294307E22
54.400000000000006 3.823715698897868E22
54.5 4.225859389411199E22
54.6 4.670296901054177E22
54.7 5.1614763138239045E22
54.800000000000004 5.7043135163744804E22
54.900000000000006 6.30424140588292E22
55.0 6.967264262310101E22
55.1 7.700017841252912E22
55.2 8.50983578681636E22
55.300000000000004 9.404823029188851E22
55.400000000000006 1.039393690150765E23
55.5 1.1487076787859499E23
55.6 1.269518319964416E23
55.7 1.4030347271889294E23
55.800000000000004 1.550593177539407E23
55.900000000000006 1.7136704855830648E23
56.0 1.893898783830966E23
56.1 2.093081857668824E23
56.2 2.3132131982473395E23
56.300000000000004 2.556495954011721E23
56.400000000000006 2.825364980551816E23
56.5 3.122511209455217E23
56.6 3.450908580055128E23
56.7 3.813843803614661E23
56.800000000000004 4.214949257837941E23
56.900000000000006 4.658239340927034E23
57.0 5.1481506490284E23
57.1 5.689586379178466E23
57.2 6.287965402147374E23
57.300000000000004 6.949276496319132E23
57.400000000000006 7.680138285398547E23
57.5 8.487865479821792E23
57.6 9.380542084837262E23
57.7 1.0367102307946861E24
57.800000000000004 1.1457419975457814E24
57.900000000000006 1.2662407353054993E24
58.0 1.399412435942354E24
58.1 1.5465899265968918E24
58.2 1.709246209063638E24
58.300000000000004 1.8890092020881837E24
58.400000000000006 2.087678034125147E24
58.5 2.307241049620439E24
58.6 2.5498957090308454E24
58.7 2.8180705817467774E24
58.800000000000004 3.1144496520310654E24
58.900000000000006 3.441999181235559E24
59.0 3.8039973951417077E24
59.1 4.204067293546141E24
59.2 4.6462129104601965E24
59.300000000000004 5.13485938782823E24
59.400000000000006 5.674897263835491E24
59.5 6.271731419058014E24
59.6 6.931335170324242E24
59.7 7.660310053677277E24
59.800000000000004 8.465951894766641E24
59.900000000000006 9.35632382792353E24
60.0 1.0340336994719248E25
60.1 1.142783972966547E25
60.2 1.2629716125655763E25
60.300000000000004 1.3957994965625818E25
60.400000000000006 1.542597011065597E25
60.5 1.7048333549401062E25
60.6 1.8841322440451466E25
60.7 2.0822881619273074E25
60.800000000000004 2.301284319615259E25
60.900000000000006 2.543312504262291E25
61.0 2.810795015288815E25
61.1 3.1064089075691977E25
61.2 3.433112784296625E25
61.300000000000004 3.794176407678349E25
61.400000000000006 4.19321342381485E25
61.5 4.634217529284561E25
61.6 5.121602441401685E25
61.7 5.660246072182386E25
61.800000000000004 6.255539348127896E25
61.900000000000006 6.913440164428854E25
62.0 7.640533013582849E25
62.1 8.444094885208664E25
62.2 9.332168096603952E25
62.300000000000004 1.0313640782960073E26
62.400000000000006 1.139833585280644E26
62.5 1.2597109298980593E26
62.6 1.3921958849053679E26
62.7 1.538614404262007E26
62.800000000000004 1.70043189372266E26
62.900000000000006 1.879267877110587E26
63.0 2.0769122050563684E26
63.1 2.2953429684246676E26
63.2 2.536746295712376E26
63.300000000000004 2.8035382325574486E26
63.400000000000006 3.0983889223356985E26
63.5 3.424249329853141E26
63.6 3.784380775593723E26
63.7 4.1823875761107515E26
63.800000000000004 4.6222531172385076E26
63.900000000000006 5.108379721156514E26
64.0 5.6456327063135445E26
64.10000000000001 6.239389081154497E26
64.2 6.895591359050647E26
64.3 7.620807032956462E26
64.4 8.422294305089919E26
64.5 9.30807472945947E26
64.60000000000001 1.0287013494273545E27
64.7 1.1368908147722805E27
64.8 1.2564586655136453E27
64.9 1.3886015768898302E27
65.0 1.5346420795726168E27
65.10000000000001 1.6960417959988045E27
65.2 1.8744160687786584E27
65.3 2.0715501275878444E27
65.4 2.289416956346003E27
65.5 2.530197039502852E27
65.60000000000001 2.796300185059677E27
65.7 3.0903896427374887E27
65.8 3.4154087586756436E27
65.9 3.774610433429201E27
66.0 4.171589678090845E27
66.10000000000001 4.6103195943705947E27
66.2 5.095191138732667E27
66.3 5.631057068564054E27
66.4 6.223280510201354E27
66.5 6.877788634901475E27
66.60000000000001 7.601131979964385E27
66.7 8.400550008711357E27
66.8 9.284043565467864E27
66.9 1.0260454950702516E28
67.0 1.1339556417741658E28
67.10000000000001 1.253214797676626E28
67.2 1.3850165484942558E28
67.3 1.5306800104493528E28
67.4 1.6916630324283678E28
67.5 1.8695767866234826E28
67.60000000000001 2.066201893685611E28
67.7 2.283506243774155E28
67.8 2.5236646918633426E28
67.9 2.7890808244217303E28
68.0 3.08241101531333E28
68.10000000000001 3.4065910116803515E28
68.2 3.764865315887002E28
68.3 4.160819657589978E28
68.4 4.598416880925956E28
68.5 5.082036605987466E28
68.60000000000001 5.6165190615332645E28
68.7 6.207213527624058E28
68.8 6.86003187301582E28
68.9 7.581507723129162E28
69.0 8.378861850768222E28
69.10000000000001 9.260074444042615E28
69.2 1.0233964974771361E29
69.3 1.1310280466722021E29
69.4 1.2499793047100348E29
69.5 1.381440775761941E29
69.60000000000001 1.5267281704159724E29
69.7 1.687295573750564E29
69.8 1.8647499983068772E29
69.9 2.0608674676103915E29
70.0 2.2776107912111984E29
70.10000000000001 2.517149209141904E29
70.2 2.781880102400732E29
70.3 3.074452986746577E29
70.4 3.397796029943159E29
70.5 3.7551453578460496E29
70.60000000000001 4.1500774426382614E29
70.7 4.5865448973655376E29
70.8 5.06891603501662E29
70.9 5.602018588067737E29
71.0 6.191188026051629E29
71.10000000000001 6.842320954730493E29
71.2 7.561934131307697E29
71.3 8.357229686324857E29
71.4 9.236167205004777E29
71.5 1.0207543389455258E30
71.60000000000001 1.1281080099021373E30
71.7 1.2467521649920296E30
71.8 1.3778742347970346E30
71.9 1.5227865330634325E30
72.0 1.6829393907789367E30
72.10000000000001 1.8599356715728446E30
72.2 2.0555468137137945E30
72.3 2.2717305592595342E30
72.4 2.510650547797385E30
72.5 2.774697970876348E30
72.60000000000001 3.066515503856076E30
72.7 3.3890237546898074E30
72.8 3.745450494350692E30
72.9 4.139362961448478E30
73.0 4.57470356435232E30
73.10000000000001 5.055829338139233E30
73.2 5.587555551265099E30
73.3 6.175203898390296E30
73.4 6.82465576168838E30
73.5 7.542411073695363E30
73.60000000000001 8.335653370819907E30
73.7 9.21232168858935E30
73.8 1.0181190018186434E31
73.9 1.1251955119501815E31
74.0 1.2435333569565735E31
74.10000000000001 1.3743169017654004E31
74.2 1.5188550720509383E31
74.3 1.6785944544023798E31
74.4 1.8551337742485849E31
74.5 2.050239896439438E31
74.60000000000001 2.265865508623314E31
74.7 2.5041686644011574E31
74.8 2.7675343818524797E31
74.9 3.058598513597851E31
75.0 3.3802741272977293E31
75.10000000000001 3.7357806606130214E31
75.2 4.12867614241892E31
75.3 4.562892802754114E31
75.4 5.042776427900573E31
75.5 5.57312985447308E31
75.60000000000001 6.159261037822866E31
75.7 6.807036175838224E31
75.8 7.522938419825231E31
75.9 8.314132760064885E31
76.0 9.188537735443676E31
76.10000000000001 1.0154904684853105E32
76.2 1.1222905333529739E32
76.3 1.2403228590933072E32
76.4 1.3707687528943739E32
76.5 1.5149337611056773E32
76.60000000000001 1.6742607355849696E32
76.7 1.8503442742444394E32
76.80000000000001 2.0449466803227624E32
76.9 2.260015600108043E32
77.0 2.4977035156366773E32
77.10000000000001 2.7603892874569827E32
77.2 3.0507019630649985E32
77.30000000000001 3.371547089295754E32
77.4 3.7261357920122444E32
77.5 4.118016914132679E32
77.60000000000001 4.551112533643098E32
77.7 5.029757217071899E32
77.80000000000001 5.5587414012890135E32
77.9 6.143359337807657E32
78.0 6.789462079433451E32
78.10000000000001 7.503516039567326E32
78.2 8.292667710243923E32
78.30000000000001 9.164815186626633E32
78.4 1.0128687213797737E33
78.5 1.1193930546973854E33
78.60000000000001 1.2371206499474236E33
78.7 1.367229764472728E33
78.80000000000001 1.5110225740226894E33
78.9 1.6699382053656745E33
79.0 1.8455671395535712E33
79.10000000000001 2.0396671299906852E33
79.2 2.2541807946205133E33
79.30000000000001 2.4912550582992672E33
79.4 2.7532626399411863E33
79.5 3.042825799487165E33
79.60000000000001 3.3628425823635254E33
79.7 3.716515824094558E33
79.80000000000001 4.107385205357289E33
79.9 4.5393626782950224E33
80.0 5.016771618649612E33
80.10000000000001 5.544390095558892E33
80.2 6.127498692078313E33
80.30000000000001 6.771933355031577E33
80.4 7.484143803127307E33
80.5 8.271258077912326E33
80.60000000000001 9.141153883607061E33
80.7 1.010253742981673E34
80.80000000000001 1.1165030566204244E34
80.9 1.2339267081194543E34
81.0 1.3636999128504311E34
81.10000000000001 1.5071214846646047E34
81.2 1.6656268348583045E34
81.30000000000001 1.8408023382518035E34
81.4 2.0344012101615322E34
81.5 2.248361053168417E34
81.60000000000001 2.4848232492956907E34
81.7 2.746154391679816E34
81.80000000000001 3.0349699702302807E34
81.9 3.354160548331401E34
82.0 3.70692069257251E34
82.10000000000001 4.0967809450440118E34
82.2 4.527643158189084E34
82.30000000000001 5.003819545854798E34
82.4 5.530075841377184E34
82.5 6.111678994642748E34
82.60000000000001 6.754449885493034E34
82.7 7.464821581046248E34
82.80000000000001 8.249903719995859E34
82.9 9.117553668263473E34
83.0 1.0076455158158674E35
83.10000000000001 1.1136205198090412E35
83.2 1.2307410122652309E35
83.30000000000001 1.3601791744385291E35
83.4 1.5032304669615968E35
83.5 1.661326595251223E35
83.60000000000001 1.8360498384972998E35
83.7 2.0291488856446936E35
83.80000000000001 2.2425563368601425E35
83.9 2.4784080456440704E35
84.0 2.7390644951705137E35
84.10000000000001 3.0271344227960333E35
84.2 3.3455009291798686E35
84.30000000000001 3.697350333324678E35
84.4 4.086204062327714E35
84.5 4.515953895007135E35
84.60000000000001 4.990900912132374E35
84.7 5.515798543085892E35
84.80000000000001 6.0959001397826064E35
84.9 6.737011553980973E35
85.0 7.445549244199356E35
85.10000000000001 8.228604493789317E35
85.2 9.094014382882487E35
85.30000000000001 1.0050440224523468E36
85.4 1.1107454250000959E36
85.5 1.227563541095674E36
85.60000000000001 1.356667525708911E36
85.7 1.4993494949111258E36
85.80000000000001 1.6570374578072012E36
85.9 1.8313096085305113E36
86.0 2.0239101213404087E36
86.10000000000001 2.236766606904394E36
86.2 2.4720094044734663E36
86.30000000000001 2.731992903033599E36
86.4 3.0193191048217793E36
86.5 3.336863667039209E36
86.60000000000001 3.687804682395026E36
86.7 4.07565448652616E36
86.80000000000001 4.504294810633287E36
86.9 4.9780156311509373E36
87.0 5.501558105273975E36
87.10000000000001 6.08016202205221E36
87.2 6.719618243960089E36
87.30000000000001 7.426326663795308E36
87.4 8.207360256956275E36
87.5 9.070535870157896E36
87.60000000000001 1.0024492455060582E37
87.7 1.1078777529801642E37
87.80000000000001 1.2243942733766843E37
87.9 1.3531649431942676E37
88.0 1.495478542577782E37
88.10000000000001 1.652759393863133E37
88.2 1.8265816166738587E37
88.30000000000001 2.018684882239567E37
88.4 2.2309918246101197E37
88.5 2.465627283023616E37
88.60000000000001 2.7249395680115977E37
88.7 3.011523964080019E37
88.80000000000001 3.328248704189157E37
88.9 3.678283675992794E37
89.0 4.0651321471396015E37
89.10000000000001 4.49266582715314E37
89.2 4.965163616801897E37
89.30000000000001 5.487354432776803E37
89.4 6.064464536278378E37
89.5 6.702269839195944E37
89.60000000000001 7.407153711374969E37
89.7 8.186170867527667E37
89.80000000000001 9.04711797318975E37
89.9 9.998611676368752E37
90.0 1.105017484585428E38
90.10000000000001 1.221233187928931E38
90.2 1.3496714034878587E38
90.30000000000001 1.4916175840931371E38
90.4 1.6484923748299828E38
90.5 1.821865831331546E38
90.60000000000001 2.0134731334233552E38
90.7 2.2252319513861274E38
90.80000000000001 2.459261638644692E38
90.9 2.7179044429691616E38
91.0 3.0037489484780928E38
91.10000000000001 3.3196559830583222E38
91.2 3.668787250491862E38
91.30000000000001 4.0546369738503574E38
91.4 4.481066866853639E38
91.5 4.952344783198974E38
91.60000000000001 5.473187430675201E38
91.7 6.048807577559373E38
91.80000000000001 6.684966223754282E38
91.9 7.388030258811172E38
92.0 8.165036183900961E38
92.10000000000001 9.023760535482787E38
92.2 9.972797715494253E38
92.30000000000001 1.1021646007015598E39
92.4 1.2180802636278155E39
92.5 1.346186883243372E39
92.60000000000001 1.4877665936554847E39
92.7 1.6442363721925016E39
92.80000000000001 1.8171622209893748E39
92.9 2.008274840063199E39
93.0 2.2194869487408574E39
93.10000000000001 2.452912428796872E39
93.2 2.71088748089259E39
93.30000000000001 2.9959940060578685E39
93.4 3.3110854462240933E39
93.5 3.659315342430376E39
93.60000000000001 4.044168896522117E39
93.7 4.4694978522223004E39
93.80000000000001 4.939559044677698E39
93.9 5.45905700429529E39
94.0 6.033191041264285E39
94.10000000000001 6.667707281999879E39
94.2 7.368956178307446E39
94.30000000000001 8.143956064839327E39
94.4 9.000463400946164E39
94.5 9.947050399929881E39
94.60000000000001 1.099319082263534E40
94.7 1.2149354794032613E40
94.80000000000001 1.3427113591747905E40
94.9 1.4839255455297955E40
95.0 1.6399913575090611E40
95.10000000000001 1.8124707542144323E40
95.2 2.0030899674204144E40
95.30000000000001 2.2137567782821574E40
95.4 2.4465796110502655E40
95.5 2.703888634889567E40
95.60000000000001 2.988259084995238E40
95.7 3.302537036412064E40
95.80000000000001 3.6498678885103797E40
95.9 4.0337278451998187E40
96.0 4.457958705946762E40
96.10000000000001 4.926806315794551E40
96.2 5.444963059207532E40
96.30000000000001 6.017614823032427E40
96.4 6.650492898596335E40
96.5 7.349931342397244E40
96.60000000000001 8.122930369470209E40
96.7 8.9772264138919E40
96.80000000000001 9.921369557613952E40
96.9 1.096480910255593E41
97.0 1.2117988142395886E41
97.10000000000001 1.3392448080561584E41
97.2 1.480094414047461E41
97.30000000000001 1.635757302411484E41
97.4 1.8077913996550343E41
97.5 1.997918480846003E41
97.60000000000001 2.2080414017168994E41
97.7 2.4402631430844912E41
97.80000000000001 2.6969078581888754E41
97.9 2.9805441336000116E41
98.0 3.2940106964956916E41
98.10000000000001 3.640444825597178E41
98.2 4.0233137501089515E41
98.30000000000001 4.446449350914324E41
98.4 4.914086511326823E41
98.5 5.4309055012261904E41
98.60000000000001 6.002078818772285E41
98.7 6.633322958504928E41
98.80000000000001 7.330955623943223E41
98.9 8.10195895728512E41
99.0 8.95404941903396E41
99.10000000000001 9.895755016928566E41
99.2 1.093650065711058E42
99.30000000000001 1.2086702471753925E42
99.4 1.3357872067215409E42
99.5 1.476273173606142E42
99.60000000000001 1.6315341786047634E42
99.7 1.803124126040414E42
99.80000000000001 1.992760345780451E42
99.9 2.2023407808509136E42
100.0 2.4339629826884285E42
