0.01 2 2.849520549405818E-4 2.939510514668723E-4 2.8345279962876973E-4
0.02 3 0.0011095039655402137 0.0011332473636033794 0.0011332474580408093
0.03 4 0.0010322641368839575 0.0025801419537116624 0.0025476935972333064
0.04 5 5.731025478585752E-4 0.004523976353811277 0.004523976730809905
0.05 6 5.145636847646911E-4 0.007112419454725293 0.007058162475457136
0.06 7 0.002162082102620687 0.01014520159370958 0.010145202439144383
0.07 8 0.004385624917523968 0.013854770935874667 0.0137789417781922
0.08 9 0.00717745207993507 0.01795212691711331 0.01795212841312626
0.09 10 0.010534767815771083 0.022753494850465867 0.022656423891019625
0.1 11 0.01445202697193871 0.027882413556288278 0.02788241587982642
0.11 12 0.01892299076215896 0.033737522169576546 0.033619632278028944
0.12 13 0.02394019068038808 0.039856553599375316 0.03985655692076004
0.13 14 0.029495083649417844 0.046718842164407325 0.046580646861425816
0.14 15 0.03557802570506504 0.05377834672420749 0.05377835120574348
0.15 16 0.04217829590851194 0.06159303025249811 0.061435131473028017
0.16 17 0.04928410901349023 0.06953547766287906 0.06953548345751139
0.17 18 0.05688263314978538 0.07823987508890372 0.07806296056046248
0.18 19 0.06496000819224759 0.0870001913118701 0.08700019856189753
0.19 20 0.07350136592984446 0.09652410155131898 0.09632894179873042
0.2 21 0.08249085170765572 0.10603006187846253 0.10603007071431503
0.21 22 0.09191164759258932 0.11629618575286457 0.11608363074247763
0.22 23 0.10174599701141421 0.12646885194824176 0.12646886248732947
0.23 24 0.11197523083407679 0.13739325772038455 0.1371642331583914
0.24 25 0.12257979486638444 0.14814745687321312 0.14814746921885408
0.25 26 0.13353927871605215 0.15964008690216858 0.15939559020314276
0.26 27 0.1448324459937627 0.17088492941792222 0.17088494365835555
0.27 28 0.1564372658092042 0.18285014521939086 0.18259124116260209
0.28 29 0.1683309455202478 0.19448957916429557 0.19448959537178617
0.29 30 0.1804899646917231 0.20682674195253126 0.2065545580449529
0.3 31 0.19289011021858865 0.2187601407669231 0.21876015899696377
0.31 32 0.20550651256669053 0.23136422435976184 0.2310799459259646
0.32 33 0.2183136830827616 0.24348700477127228 0.24348702506188818
0.33 34 0.23128555232382664 0.25624923756075446 0.25595410258106793
0.34 35 0.2443955093547612 0.26845350435978943 0.2684535267309503
0.35000000000000003 36 0.25761644196139405 0.281262036888453 0.2809573306078745
0.36 37 0.2709207777252521 0.2934372510767939 0.2934372755299369
0.37 38 0.2842805259048267 0.30617784561475975 0.30586489494608593
0.38 39 0.29766732006708413 0.31821151230412204 0.3182115388217901
0.39 40 0.3110524614118649 0.3307682506953466 0.33044841844090117
0.4 41 0.32440696273080083 0.34254662301708483 0.342546651562682
0.41000000000000003 42 0.33770159294144875 0.354802628955283 0.3544773078724018
0.42 43 0.3509069221364747 0.36621142414574004 0.3662114546634071
0.43 44 0.3639933670869368 0.37804959595204835 0.3777202026881654
0.44 45 0.376931237138009 0.38897471970083075 0.3889747521154421
0.45 46 0.38969078043485766 0.4002784696067765 0.39994643853052025
0.46 47 0.40224223041582596 0.4106067446979156 0.41060677891519853
0.47000000000000003 48 0.4145558525096197 0.42126074058904633 0.4209275175442092
0.48 49 0.42660199097278617 0.4308806358279119 0.4308806717346884
0.49 50 0.43835111580347563 0.4407715413758192 0.44043857738539893
0.5 51 0.4497738696672385 0.44957389677800563 0.4495739342425564
0.51 52 0.4608411147704736 0.45859110588161384 0.458259850829343
0.52 53 0.4715239796170667 0.4664698501039537 0.46646988897650277
0.53 54 0.4817939055837862 0.47450621157493167 0.4741781078918075
0.54 55 0.49162269325009333 0.4813590675933335 0.4813591077066527
0.55 56 0.5009825484182139 0.48831159605529073 0.48798807243859854
0.56 57 0.5098461277595763 0.4940407711391713 0.4940408123093007
0.5700000000000001 58 0.5181865840240714 0.4998113401658042 0.49949380535798404
0.58 59 0.5259776107490118 0.5043241962643202 0.5043242382914032
0.59 60 0.5331934864051866 0.5088202098576506 0.5085100465120962
0.6 61 0.5398091179179837 0.5120299105984494 0.5120299532676762
0.61 62 0.5458000835022341 0.515164949204422 0.5148635078649224
0.62 63 0.5511426747501761 0.5169910798108609 0.5169911228935192
0.63 64 0.5558139379127615 0.5186855171854083 0.5183941104054496
0.64 65 0.5597917143154401 0.5190546737426626 0.5190547169972873
0.65 66 0.5630546798505313 0.5192362611163912 0.5189561577439221
0.66 67 0.5655823834893545 0.518082605760013 0.518082648933632
0.67 68 0.5673552847584225 0.5166870199032906 0.5164194395558409
0.68 69 0.5683547901251997 0.513952798664944 0.5139528414944118
0.6900000000000001 70 0.5685632882402156 0.5109241506266659 0.5106702583808718
0.7000000000000001 71 0.5679641839836551 0.506560170850194 0.5065602130636085
0.71 72 0.5665419312659772 0.5018514723320786 0.5016123736507403
0.72 73 0.5642820645335859 0.4958175367679257 0.4958175780861192
0.73 74 0.56117122893213 0.48939112130095347 0.48916785721971173
0.74 75 0.5571972090816144 0.48165641619734995 0.4816564563354483
0.75 76 0.5523489564191848 0.4734843125069513 0.4732778551015434
0.76 77 0.5466166150671726 0.4640277472411796 0.4640277859102199
0.77 78 0.5399915461857815 0.4540920024219489 0.45390325057577785
0.78 79 0.532466350771639 0.4429024984533772 0.44290253536197727
0.79 80 0.5240348908653376 0.4311954488213404 0.43102522431178675
0.8 81 0.5146923091330368 0.4182721759985971 0.4182722108546671
0.81 82 0.5044350467891976 0.4047966637481948 0.4046457076687118
0.8200000000000001 83 0.49326085982955975 0.39014922226466847 0.3901492547771552
0.8300000000000001 84 0.48116883354557066 0.37491875632740823 0.3747877258609775
0.84 85 0.46815939529359496 0.3585673028909268 0.3585673327715827
0.85 86 0.4542343254944031 0.3416061626718011 0.3414956282297975
0.86 87 0.4393967668406483 0.3235814797345737 0.32358150669973973
0.87 88 0.4236512316922726 0.30492476068949004 0.304835203428412
0.88 89 0.4070036076420539 0.2852682678718252 0.2852682916442185
0.89 90 0.3894611612358062 0.2649618681830691 0.26489367790994567
0.9 91 0.3710325398340576 0.24372557531760966 0.24372559562810647
0.91 92 0.35172777160439384 0.22182612322332648 0.2217795966989202
0.92 93 0.3315582636359963 0.19907252474416473 0.19907254133356805
0.93 94 0.31053679817030977 0.1756472463805541 0.17562258602774602
0.9400000000000001 95 0.28867752694414417 0.15144915708212808 0.15144916970291117
0.9500000000000001 96 0.2659959636439521 0.1265756850020135 0.12657299802499197
0.96 97 0.2425089744724034 0.10101601749468678 0.10101602591270159
0.97 98 0.21823476683083082 0.07478214033186285 0.07480143824994978
0.98 99 0.1931928761235225 0.04795362482306198 0.047953628819203724
0.99 100 0.16740415069225464 0.020456978876827833 0.020498177474969684
1.0 101 0.1408907348919012 0.007538173792923739 0.007538174421105767
1.01 102 0.11367605032033215 0.03619046997586624 0.036127550279728665
1.02 103 0.08578477521824718 0.06524096081522818 0.0652409662519827
1.03 104 0.05724282205694495 0.09493272748529422 0.09484836085758114
1.04 105 0.028077313334441717 0.12491861583292159 0.12491862624282116
1.05 106 0.0016834443973387514 0.15552508703855153 0.15541964103553327
1.06 107 0.03200998824920717 0.1863182892356188 0.18631830476216515
1.07 108 0.06287172842781605 0.21770663982340482 0.2175805737900287
1.08 109 0.0942369793555469 0.24917147799134193 0.24917149875566155
1.09 110 0.1260729924452785 0.2812014003691969 0.28105526343822723
1.1 111 0.15834599049588935 0.3131951989352492 0.31319522503488656
1.11 112 0.19102120367219355 0.345719527092955 0.34555395579314063
1.12 113 0.22406290703083012 0.3780932544454322 0.37809328595324854
1.1300000000000001 114 0.25743445955157074 0.4109586324683095 0.4107743479519969
1.1400000000000001 115 0.2910983446314029 0.44355758487412 0.44355762183730507
1.1500000000000001 116 0.32501621199678227 0.4766051769391725 0.4764029818414386
1.16 117 0.3591489209874361 0.5092697016197207 0.5092697440589233
1.17 118 0.39345658516324233 0.5423359402306859 0.5421167151736697
1.18 119 0.4278986181837917 0.5749021942696607 0.5749022421782457
1.19 120 0.4624337809085085 0.6078195632691487 0.6075842630268057
1.2 121 0.49702022966339515 0.6401203048182961 0.6401203581617315
1.21 122 0.5316155656188394 0.6727181535127561 0.6724678028527387
1.22 123 0.5661768852212739 0.7045835615705355 0.7045836202859166
1.23 124 0.6006608316199384 0.7366889461182172 0.7364246353389883
1.24 125 0.635023647028512 0.7679474649822366 0.7679475289779507
1.25 126 0.6692212259599554 0.7993860130266063 0.7991088932092226
1.26 127 0.7032091692715757 0.8298652173649227 0.8298652865204568
1.27 128 0.7369428389560474 0.8604620117470481 0.8601732897422912
1.28 129 0.7703774136129189 0.8899894880966133 0.8899895622625107
1.29 130 0.803467944534035 0.9195699653506798 0.9192708985233643
1.3 131 0.8361694123352463 0.9479742057341862 0.9479742847321502
1.31 132 0.8684367840658211 0.9763650649612663 0.9760569557146126
1.32 133 0.9002250707261004 1.0034763682170846 1.0034764518402355
1.33 134 0.9314893851231218 1.0305064858442006 1.0301906759481194
1.34 135 0.9621849999932497 1.0561578621885603 1.0561579502018419
1.35 136 0.9922674063201837 1.0816592080534848 1.0813370728014684
1.36 137 1.0216923717762043 1.1056872823400332 1.1056873744807725
1.37 138 1.0504159992140374 1.1294958324976054 1.1291687747176746
1.3800000000000001 139 1.0783947851363485 1.1517417416073437 1.1517418375859598
1.3900000000000001 140 1.1055856780696034 1.1736983832306833 1.1733678271764685
1.4000000000000001 141 1.1319461367688246 1.194008663015321 1.194008762516186
1.41 142 1.157434188179674 1.2139600867654 1.2136274719139593
1.42 143 1.182008485084277 1.2321875439795418 1.2321876466619848
1.43 144 1.2056283633572575 1.2499871192392935 1.2496538940226745
1.44 145 1.2282538987586482 1.2659916839316558 1.2659917894311143
1.45 146 1.2498459631905545 1.2815003123461217 1.2811679278439665
1.46 147 1.270366280344824 1.295149866237116 1.2951499741664267
1.47 148 1.2897774806693802 1.3082368090690224 1.307906712689681
1.48 149 1.3080431555814183 1.3194079855214054 1.319408095472229
1.49 150 1.3251279108562555 1.3299516604217645 1.3296252895994312
1.5 151 1.3409974191213363 1.3385306117123683 1.3385307232567465
1.51 152 1.3556184713856743 1.346419354617953 1.3460981305532715
1.52 153 1.3689590275358845 1.3523024823414265 1.352302595033462
1.53 154 1.380988265730921 1.3574352703448291 1.357120591816229
1.54 155 1.391676630628682 1.3605299149243752 1.360530028302031
1.55 156 1.4009958803787648 1.362817046117336 1.3625102833900398
1.56 157 1.4089191323168806 1.363042131562041 1.3630422451490483
1.57 158 1.41542090729772 1.3624058580281626 1.3621083468873953
1.58 159 1.4204771726044416 1.3596924882610353 1.3596926015689053
1.59 160 1.4240653833744168 1.3560675985892272 1.3557806345236045
1.6 161 1.426164522482386 1.3503596018737025 1.350359714403831
1.61 162 1.4267551388238047 1.343693949777821 1.3434187823382482
1.62 163 1.4258193839428261 1.3349483679924086 1.3349484792382658
1.6300000000000001 164 1.42334104695115 1.3252033438547484 1.3249411712133896
1.6400000000000001 165 1.4193055876857592 1.3133908636047333 1.3133909730541293
1.6500000000000001 166 1.4137001680555041 1.300541806010219 1.300293769743236
1.6600000000000001 167 1.4065136815284283 1.2856471288208486 1.2856472359582631
1.67 168 1.3977367807137735 1.2696836734139165 1.2694508535306852
1.68 169 1.3873619029946949 1.2517058225201694 1.251705926829138
1.69 170 1.3753832941698605 1.2326321857962304 1.2324155960366894
1.7 171 1.3617970300643365 1.2115847473289196 1.2115848482944602
1.71 172 1.3466010360724037 1.1894199432657457 1.1892205266863463
1.72 173 1.3297951045972962 1.16533123993102 1.1653313370420963
1.73 174 1.3113809103552014 1.1401092276710227 1.139927852538504
1.74 175 1.2913620235132899 1.1130224233290285 1.1130225160810303
1.75 176 1.2697439206340106 1.0847921844398978 1.0846296404507652
1.76 177 1.246533993400374 1.0547653183069976 1.0547654062042338
1.77 178 1.2217415550995205 1.0235908624740386 1.023447857316207
1.78 179 1.1953778448444146 0.9906968120001358 0.9906968945583221
1.79 180 1.1674560295161642 0.9566571103374282 0.9565342666089998
1.8 181 1.1379912034120723 0.9209834821441046 0.9209835588928383
1.81 182 1.1070003855872277 0.8841723276517753 0.8840701801503701
1.82 183 1.0745025148801208 0.8458212762565674 0.845821346741775
1.83 184 1.040518442615513 0.8063470712964372 0.8062660646908746
1.84 185 1.005070922980507 0.7654350456920967 0.7654351094784421
1.85 186 0.9681846010725143 0.7234205167021259 0.7233610035965977
1.86 187 0.9298859986206198 0.680077935205524 0.6800779918787665
1.87 188 0.8902034973845565 0.6356597752232365 0.6356220146223976
1.8800000000000001 189 0.8491673202383568 0.5900306293550494 0.5900306785243391
1.8900000000000001 190 0.8068095099484457 0.5433590692697956 0.5433432254514542
1.9000000000000001 191 0.7631639056588039 0.49560045777164097 0.49560049907173837
1.9100000000000001 192 0.7182661170985483 0.44683876757353097 0.446844909373845
1.92 193 0.6721534965300695 0.3971203620121528 0.39712039510556385
1.93 194 0.6248651084586201 0.34644428365009616 0.34647238416438864
1.94 195 0.5764416971270079 0.2949477273968981 0.2949477519759107
1.95 196 0.526925651821736 0.24254484119778688 0.2425947778982778
1.96 197 0.47636097001968014 0.18946308390489042 0.18946309969350342
1.97 198 0.42479321840705986 0.13553211083891759 0.13560366610886038
1.98 199 0.37226949180511504 0.08106868085829029 0.08106868761402339
1.99 200 0.31883837003950155 0.025818723260117193 0.02591158534201012
2.0 201 0.2645498727930866 0.029813059231268056 0.029813061715693184
2.0100000000000002 202 0.20945541248426763 0.08616333556089491 0.08604957120715319
2.02 203 0.15360774521557807 0.14274120166112833 0.14274121355624558
2.0300000000000002 204 0.09706091983968079 0.1999644407451652 0.19983026968009185
2.04 205 0.03987022519244293 0.2572580687902244 0.2572580902284275
2.05 206 0.017907864455026845 0.3151191496377208 0.3149651562837122
2.06 207 0.07621574567099204 0.3728911103843669 0.37289114145867075
2.07 208 0.13499474380780352 0.43114812023027066 0.43097497532611584
2.08 209 0.19418517255795242 0.4891548673510744 0.4891549081140385
2.09 210 0.25372639506044137 0.5475601189175562 0.5473685765970849
2.1 211 0.3135568864945071 0.6055530206511323 0.6055530711139565
2.11 212 0.37361429809555907 0.6638541091308933 0.6636450036384841
2.12 213 0.43383552252637503 0.7215805166989201 0.7215805768307161
2.13 214 0.49415676053456997 0.7795214119354824 0.7792956539927325
2.14 215 0.5545135888256689 0.8367257601253959 0.8367258298526428
2.15 216 0.6148410290792672 0.8940479292593861 0.8938065020987698
2.16 217 0.6750736180341923 0.950472864378749 0.9504729435849347
2.17 218 0.7351454785669038 1.0069164200436886 1.0066603751264742
2.18 219 0.7949903916859743 1.062303950280248 1.0623040388057043
2.19 220 0.8545418693639584 1.117608819267382 1.11733927170446
2.2 221 0.913733228126764 1.171701482338652 1.1717015799805823
2.21 222 0.9724976633192437 1.2256085895087794 1.2253267132043382
2.22 223 1.0307683239647203 1.2781506323574796 1.2781507388701852
2.23 224 1.0884783881349709 1.3304030944593883 1.330110116998594
2.24 225 1.1455611387463334 1.381141659646966 1.3811417747422692
2.25 226 1.2019500396966154 1.4314859836076566 1.431183180910591
2.2600000000000002 227 1.2575788122568183 1.4801722969780593 1.4801724203259279
2.27 228 1.3123815116308863 1.5283595771600134 1.5280482679251612
2.2800000000000002 229 1.3662926035962342 1.5747501312904029 1.5747502625197687
2.29 230 1.4192470411371754 1.6205372401662475 1.6202187801277217
2.3000000000000003 231 1.4711803409831254 1.6643949680908579 1.6643951067906377
2.31 232 1.522028659963051 1.7075457347662397 1.7072215107897617
2.32 233 1.571728871087534 1.7486411684544125 1.7486413141747192
2.33 234 1.6202186392696758 1.7889275394759916 1.7885989635193282
2.34 235 1.6674364965961068 1.8270399475657497 1.8270400998192975
2.35 236 1.7133219170595093 1.8642431244830857 1.8639116274472534
2.36 237 1.7578153906642129 1.8991616238174924 1.8991617820811881
2.37 238 1.8008584968168493 1.9330731720253 1.9327401975233034
2.38 239 1.8423939769143507 1.96459780761032 1.9645979713270394
2.39 240 1.8823658060422468 1.9950207310809147 1.9946877291511633
2.4 241 1.920719263696713 2.022963519180287 2.022963687760823
2.41 242 1.9574010034446658 2.0497132958049336 2.0493817165967045
2.42 243 1.9923591214369412 2.0738992250095163 2.0738993978347
2.43 244 2.025543223690612 2.0968047974014326 2.0964760848598853
2.44 245 2.0569044920574573 2.117072782657093 2.1170729590800788
2.45 246 2.0863957487968015 2.135977499427592 2.135653085005827
2.46 247 2.1139715196720976 2.1521812841765926 2.1521814635252907
2.47 248 2.139588095492039 2.166943786878751 2.1666250833043015
2.48 249 2.163203592018336 2.1789527886639726 2.1789529702436328
2.49 250 2.184778008163851 2.189447839804589 2.1891362349274845
2.5 251 2.204273282406398 2.1971479349032474 2.1971481179991716
2.5100000000000002 252 2.2216533473452014 2.20326718265287 2.2029640334020644
2.52 253 2.2368841823288 2.206561425545641 2.2065616094260236
2.5300000000000002 254 2.249933864085094 2.208214101027304 2.207920727501781
2.54 255 2.2607726152861485 2.207023374769141 2.2070235586880194
2.5500000000000003 256 2.269372850982478 2.2041369180780306 2.2038545977983275
2.56 257 2.2757092228436213 2.1984005119172965 2.1984006951176025
2.57 258 2.2797586611440614 2.190921123314865 2.1906510856600323
2.58 259 2.281500414435826 2.1805972342066475 2.1805974159233443
2.59 260 2.2809160868514633 2.168490347242435 2.1682337680966692
2.6 261 2.27798967298356 2.1535565022187435 2.153556681682043
2.61 262 2.2727075902894347 2.1368071758601235 2.136565172492376
2.62 263 2.265058708972264 2.1172605725528193 2.1172607489914537
2.63 264 2.255034379292502 2.0958737997456205 2.095647425944483
2.64 265 2.242628456266203 2.0717315627059643 2.0717317353505096
2.65 266 2.227837321709593 2.0457324931460255 2.045522734631077
2.66 267 2.2106599035920564 2.0170318439661665 2.017032012052395
2.67 268 2.1910976926626287 1.9864659192318022 1.986273689361399
2.68 269 2.1691547563179254 1.9532642588468072 1.9532644216190624
2.69 270 2.144837749682525 1.9181972584233058 1.9180233942174998
2.7 271 2.118155923875733 1.8805721603558474 1.8805723170704192
2.71 272 2.089121131441801 1.8410901574738268 1.840935415969735
2.72 273 2.0577478289236972 1.799139271175714 1.7991394211042022
2.73 274 2.024053076563745 1.7553484977837206 1.7552135527392156
2.74 275 1.9880565351175021 1.7091893616273661 1.7091895040600176
2.75 276 1.9497804597705566 1.661215982223771 1.6611014211838413
2.7600000000000002 277 1.9092496911510142 1.6109857461006407 1.6109858803496457
2.77 278 1.866491643433792 1.5589755405588372 1.5588818622973935
2.7800000000000002 279 1.8215362895359983 1.5048305984491943 1.5048307238519243
2.79 280 1.774416143406018 1.4489485543815463 1.4488761667298142
2.8000000000000003 281 1.7251662394120963 1.3910640876684752 1.391064203590649
2.81 282 1.673824108839631 1.3314939032865394 1.3314431213574904
2.82 283 1.6204297535094958 1.2700633359955504 1.270063441834314
2.83 284 1.5650256165331675 1.2070068348349354 1.2069778796514883
2.84 285 1.507656550223576 1.142241202386501 1.1422412975734046
2.85 286 1.4483697811838905 1.075917661672493 1.0759106592054573
2.86 287 1.3872148725997842 1.0080448951368737 1.0080449791407358
2.87 288 1.3242436837638123 0.9386902899697254 0.9387052705896763
2.88 289 1.2595103268639174 0.8679544182094481 0.8679544905390868
2.89 290 1.1930711210710994 0.7958205841442636 0.7958574824897314
2.9 291 1.1249845439646229 0.7224808566179394 0.7224809168247639
2.91 292 1.0553111803360864 0.6478345736014187 0.6478932288639656
2.92 293 0.9841136684169647 0.5721645069813108 0.5721645546617549
2.93 294 0.9114566435771139 0.49528650798454676 0.4953666646094904
2.94 295 0.8374066795449002 0.4175728601077106 0.41757289490549904
2.95 296 0.7620322272024611 0.338756768158958 0.3388580769586848
2.96 297 0.6854035510126446 0.25929844318613193 0.2592984647943665
2.97 298 0.6075926631369106 0.17884964085826113 0.1789716605332835
2.98 299 0.5286732553064664 0.09795652985430782 0.09795653801736369
2.99 300 0.4487206285114565 0.016190965596866846 0.016333164657996144
3.0 301 0.36781162057592814 0.06581727293016401 0.0658172784149447
3.0100000000000002 302 0.28602453168874215 0.1485743369063472 0.14841257782308184
3.02 303 0.20343904796331913 0.23136955166511683 0.23136957094594046
3.0300000000000002 304 0.12013616310142772 0.31478484494358633 0.314604230379358
3.04 305 0.036198098238826915 0.39803171658995806 0.39803174975931555
3.0500000000000003 306 0.04829177994729589 0.4817653142582605 0.48156663086294854
3.06 307 0.13324904278670086 0.5651227248028778 0.565122771896506
3.0700000000000003 308 0.21858828473588732 0.6488294437724095 0.6486135568785552
3.08 309 0.30422320998267993 0.7319518850288582 0.7319519460249364
3.09 310 0.39006672044714474 0.8152827171865524 0.8150505670406836
3.1 311 0.4760310050882959 0.8978217324039752 0.8978218072225603
3.11 312 0.5620276304243482 0.9804253086069428 0.980177906274683
3.12 313 0.647967632172612 1.0620309612358234 1.0620310497385308
3.13 314 0.7337616079132939 1.1435550399746424 1.1432934629374352
3.14 315 0.8193198106802346 1.2238774033449424 1.2238775053348727
3.15 316 0.9045522433799366 1.303970377742167 1.3036957652047945
3.16 317 0.9893687539391357 1.3826610392897913 1.3826611545117102
3.17 318 1.0736791310797966 1.4609734559680403 1.4606870038973676
3.18 319 1.1573932006194876 1.5376870295297977 1.5376871576705675
3.19 320 1.2404209221938887 1.6138731127794597 1.613576068696016
3.2 321 1.3226724862975778 1.6882687523887672 1.6882688930780323
3.21 322 1.4040584115381787 1.7619879269894516 1.7616815845345248
3.22 323 1.484489641998612 1.833730835545669 1.8337309883567916
3.23 324 1.563877644601335 1.9046492415486145 1.9043349348505232
3.24 325 1.6421345063683617 1.9734121677025176 1.9734123321537682
3.25 326 1.7191730314702345 2.041204160463601 2.0408832583276735
3.2600000000000002 327 1.7949068379572242 2.1066688770604283 2.1066690526164202
3.27 328 1.8692504540656816 2.1710185058254914 2.1706924057730608
3.2800000000000002 329 1.9421194139927844 2.232877263275435 2.2328774493488077
3.29 330 2.0134303530328532 2.2934797216614835 2.293149843843848
3.3000000000000003 331 2.0831011019688637 2.3514366696654685 2.351436865618806
3.31 332 2.151050780613077 2.4079997114529066 2.407667492466765
3.3200000000000003 333 2.217199890391311 2.4617722825990125 2.4617724877469973
3.33 334 2.2814704058659183 2.5140175963513127 2.513684482982609
3.34 335 2.3437858650934302 2.5633378452139386 2.5633380588257326
3.35 336 2.40407145871354 2.6110023813717924 2.610669824295209
3.36 337 2.462254117667218 2.6556182728914557 2.6556184941932965
3.37 338 2.518262599442805 2.6984555171480387 2.698124964609574
3.38 339 2.5720275727501454 2.7381321582438765 2.738132386421884
3.39 340 2.623481700524173 2.775913345195959 2.7755862367061095
3.4 341 2.6725597211608214 2.8104341537652298 2.8104343879684124
3.41 342 2.7191985278896653 2.8429494150507235 2.842627175115724
3.42 343 2.763337246189395 2.8721172207388923 2.872117460082338
3.43 344 2.8049173091539994 2.899176662114335 2.898860694032763
3.44 345 2.843882530719407 2.922814733495064 2.9228149770633083
3.45 346 2.8801791766623626 2.9442494355755717 2.943941115327325
3.46 347 2.9137560332853725 2.9622024286609894 2.962202675511546
3.47 348 2.944564473703789 2.9778653663393264 2.9775660365935908
3.48 349 2.9725585216533648 2.990000189646355 2.9900004388133956
3.49 350 2.9976949127390577 2.9997670655258344 2.9994780297941293
3.5 351 3.0199331530482905 3.0059736572528353 3.005973907751
3.5100000000000002 352 3.039235575054518 3.0097436447695443 3.009466161729313
3.52 353 3.05556739073958 3.0099356579878305 3.009935908816163
3.5300000000000002 354 3.0688967418661246 3.0076320502597587 3.007367328273216
3.54 355 3.079194747334176 3.001747442395226 3.001747692541206
3.5500000000000003 356 3.086435547558909 2.9933182032178616 2.993067395069976
3.56 357 3.0905963458096624 2.981319726487541 2.9813199749312087
3.5700000000000003 358 3.0916574464533086 2.9667379402957628 2.9665021381742775
3.58 359 3.089602290048271 2.9486135301709715 2.9486137758891187
3.59 360 3.084417485238692 2.9278777482040144 2.927657978943376
3.6 361 3.0760928374015273 2.90364080739425 2.9036410493646647
3.61 362 3.0646213740027495 2.876775287732363 2.876572508342261
3.62 363 3.049999366622186 2.846464863620377 2.846465100826123
3.63 364 3.0322263496100557 2.8135197032068047 2.813334796704799
3.64 365 3.011305135341711 2.7772005571136233 2.777200788547335
3.65 366 2.9872418260407443 2.738251714331721 2.7380854858981003
3.66 367 2.9600458221441617 2.696014281448799 2.696014506116979
3.67 368 2.929729827187024 2.6511634882896575 2.6510166617612767
3.68 369 2.896309849187599 2.603123727581962 2.603123944509251
3.69 370 2.8598051985178814 2.5524982909107217 2.552371505629081
3.7 371 2.8202384822479387 2.4987974247672766 2.4987976330006947
3.71 372 2.777635594956511 2.442549916674489 2.442443724701784
3.72 373 2.7320257060038973 2.3833540605598187 2.383354259172942
3.73 374 2.6834412432671284 2.32166189826552 2.321576761980781
3.74 375 2.6319178733411444 2.2571615811043717 2.2571617692014403
3.75 376 2.577494478213627 2.1902264973650656 2.1901627874508574
3.7600000000000002 377 2.5202131284248535 2.120636073871723 2.12063625059165
3.77 378 2.4601190527279497 2.0486834793219484 2.0486414731503944
3.7800000000000002 379 2.3972606042685376 1.9742404359622654 1.974240600482538
3.79 380 2.3316892233068374 1.8975186753008748 1.8974985557260333
3.8000000000000003 381 2.2634593965088796 1.8184828320477484 1.8184829835882017
3.81 382 2.1926286128374683 1.737262336452245 1.7372641910140962
3.8200000000000003 383 2.119257316077148 1.6539149469615402 1.6539150847879835
3.83 384 2.0434088540313304 1.5684872855797405 1.5685111061232493
3.84 385 1.9651494244333203 1.4811300388715853 1.4811301622992659
3.85 386 1.884548017616802 1.3918068726964352 1.391852555407349
3.86 387 1.8016763559949038 1.3007607998742463 1.3007609082711353
3.87 388 1.716608830400576 1.2078727417527608 1.2079400876099804
3.88 389 1.6294224333446632 1.113477031727442 1.113477124517328
3.89 390 1.540196689251455 1.0173724166863545 1.0174611323289153
3.9 391 1.4490135817350809 0.9199831452936376 0.9199832219590098
3.91 392 1.3559574779833645 0.8210267157807168 0.8211364147855968
3.92 393 1.2611150503193096 0.7210154930839192 0.7210155531686301
3.93 394 1.1645751950133931 0.6195870041228262 0.619717208688017
3.94 395 1.0664289484233644 0.5173395450793451 0.5173395881910356
3.95 396 0.9667694005410741 0.41383229471575317 0.41398243774126764
3.96 397 0.8656916060291754 0.3097469187516959 0.30974694456397617
3.97 398 0.7632924928333245 0.20456620952732035 0.2047356370850663
3.98 399 0.6596707684585708 0.09905227490903884 0.09905228316340693
3.99 400 0.5549268240012494 0.007386187563465571 0.007198213381693446
4.0 401 0.44916263603064943 0.11390990835109852 0.11390991784360999
4.01 402 0.34248166641706723 0.22118167332726188 0.2209759711960947
4.0200000000000005 403 0.2349887602056634 0.32828867068984324 0.3282886980472879
4.03 404 0.12679004163782565 0.43596225007503175 0.435739715870089
4.04 405 0.017992808423990536 0.5432200001288289 0.5432200453972542
4.05 406 0.09129457562563281 0.6508586191714155 0.6506202220677134
4.0600000000000005 407 0.20096278950419122 0.7578303452567235 0.7578304084093807
4.07 408 0.3109016653346226 0.8649937289909566 0.8647405072421123
4.08 409 0.42100030000730526 0.971240194646609 0.9712402755834557
4.09 410 0.5311471680146244 1.0774863827217322 1.077219439138348
4.1 411 0.6412302353668701 1.182567708705721 1.1825678072532297
4.11 412 0.7511370744721824 1.2874548910670505 1.2871753882139783
4.12 413 0.8607549798617492 1.390932388855007 1.3909325047662744
4.13 414 0.9699710846404587 1.4940207546031725 1.4937299097365706
4.14 415 1.0786724775416423 1.5954587686758572 1.5954589016310246
4.15 416 1.1867463204638589 1.6963123603234367 1.6960114400896638
4.16 417 1.2940799663664968 1.795280111465624 1.795280261072603
4.17 418 1.4005610774004404 1.893468676735783 1.8931589916552198
4.18 419 1.5060777431490564 1.989542098513415 1.989542264308926
4.19 420 1.6105185988545823 2.084642931784812 2.0843258305446337
4.2 421 1.7137729435043219 2.1774064923451277 2.177406673796037
4.21 422 1.8157308576510907 2.2690062578397576 2.2686831214205023
4.22 423 1.9162833208418633 2.3580547591906353 2.358054955695598
4.23 424 2.0153223285289474 2.4457512880287404 2.4454235236902657
4.24 425 2.1127410083379004 2.5306916349988584 2.530691845890256
4.25 426 2.2084337355669224 2.6140956883055444 2.6137647234585475
4.26 427 2.3022962477925413 2.694548619466165 2.6945488440123393
4.2700000000000005 428 2.3942257584573743 2.773285609809848 2.7729528857996466
4.28 429 2.484121069316042 2.8488873827518857 2.8488876201596494
4.29 430 2.571882681616536 2.922599046322997 2.9222660121526394
4.3 431 2.65741290589484 2.9930030698292813 2.9930033192467107
4.3100000000000005 432 2.7406159702621595 3.0613490819302847 3.061017187950328
4.32 433 2.8213981270649655 3.1262274877620793 3.126227748281565
4.33 434 2.899667757799718 3.1888870143744787 3.1885577059668995
4.34 435 2.975335476165334 3.2479321616028023 3.247932432264365
4.3500000000000005 436 3.0483142291383407 3.30460534002449 3.304280051308255
4.36 437 3.11851939595719 3.3575312450798807 3.3575315248747186
4.37 438 3.185868884904294 3.4079405868845005 3.4076207344701883
4.38 439 3.2502832277761096 3.4544842727726532 3.454484560646927
4.39 440 3.3116856719338585 3.4983759826321252 3.498062959452815
4.4 441 3.370002269829766 3.5382987410663427 3.5382990359251685
4.41 442 3.4251619659058283 3.5754439452959694 3.575139114541237
4.42 443 3.4770966807649173 3.608532505829408 3.6085328065410605
4.43 444 3.525741392516295 3.6387283848618797 3.6384330740413455
4.44 445 3.5710342152005747 3.6647959854619807 3.6647962908622653
4.45 446 3.6129164742017985 3.6878668048300187 3.6875822999922727
4.46 447 3.651332778557383 3.706754158722615 3.706754467619422
4.47 448 3.686231090079516 3.722552193528941 3.722279733661048
4.48 449 3.717562789204876 3.734128347549264 3.734128658727257
4.49 450 3.7452827374926874 3.7425346958252392 3.74227546745718
4.5 451 3.769349336694479 3.74669777594522 3.7466980881706675
4.51 452 3.7897245843222485 3.7476230567442625 3.747378188781837
4.5200000000000005 453 3.806374125645336 3.7443008968989333 3.744301208924641
4.53 454 3.819267302049782 3.737685829435884 3.737456388244562
4.54 455 3.828377195697724 3.72683648024408 3.726836790814417
4.55 456 3.8336806704279747 3.712652340875122 3.712439325636254
4.5600000000000005 457 3.8351584088428745 3.6942644553393844 3.6942647631953798
4.57 458 3.8327949455303147 3.6725134096770113 3.672317748036617
4.58 459 3.8265786963737694 3.646606503452503 3.646606807336995
4.59 460 3.8165019839072296 3.61732181142424 3.617144355453334
4.6000000000000005 461 3.8025610586759395 3.5839463957644533 3.5839466944272584
4.61 462 3.784756116567994 3.547192487950494 3.547034010434529
4.62 463 3.7630913120859724 3.506430073966611 3.50643036616971
4.63 464 3.7375747675320663 3.4623024980880164 3.462163689161607
4.64 465 3.7082185780843235 3.414265471496397 3.4142657560190965
4.65 466 3.67503881274597 3.362890708469722 3.3627721726113053
4.66 467 3.6380555111540795 3.3077220745463984 3.307722350190464
4.67 468 3.5972926762381436 3.2492572240704334 3.2491594774699486
4.68 469 3.5527782627235838 3.187130223079797 3.187130488674521
4.69 470 3.5045441614794663 3.1217625592728533 3.1216860275839085
4.7 471 3.452626179714248 3.0528801531881165 3.0528804075953118
4.71 472 3.3970640170275592 2.9808265513482257 2.980771567834539
4.72 473 3.3379012373307084 2.905420783231065 2.9054210253499546
4.73 474 3.2751852366527427 2.8269270193432723 2.826893823427453
4.74 475 3.208967206853497 2.7452582472970506 2.7452584760690355
4.75 476 3.139302095269208 2.6605981724605625 2.660586908681564
4.76 477 3.0662485603209766 2.572954180613382 2.572954395026666
4.7700000000000005 478 2.989868923120359 2.4824287731028023 2.4824394904865716
4.78 479 2.910229115110978 2.389123762610901 2.3891239617049522
4.79 480 2.827398621789085 2.2930600608194944 2.29309271266557
4.8 481 2.741450422550521 2.194433524405966 2.194433707275797
4.8100000000000005 482 2.6524609267155435 2.0931834444406667 2.0932378885256497
4.82 483 2.560509905787288 1.9895989284967561 1.9895990942970032
4.83 484 2.465680422003623 1.883537970704176 1.8836139699011858
4.84 485 2.36805875324647 1.7753817294783316 1.7753818774271095
4.8500000000000005 486 2.267734314376394 1.664907578673964 1.6650048019853871
4.86 487 2.164799575064489 1.5525871255551174 1.5525872549376405
4.87 488 2.05934997419723 1.4381181502043485 1.4382361742033714
4.88 489 1.951483830934043 1.3220607115684875 1.322060821740437
4.89 490 1.841302252500864 1.2040343676234377 1.204172678298101
4.9 491 1.728909038806766 1.0846852451543243 1.0846853355449446
4.91 492 1.6144105839743026 0.9635563906852612 0.9637143856769913
4.92 493 1.497915774877571 0.8413772384992173 0.8413773086141295
4.93 494 1.3795358867857095 0.7176163656692306 0.7177933568961069
4.94 495 1.2593844762125022 0.5930833889680254 0.5930834383917412
4.95 496 1.137577271076307 0.46717478028454756 0.4673699969378781
4.96 497 1.0142320582772961 0.3407768626287018 0.340776891026831
4.97 498 0.8894685688023878 0.21321667876265044 0.21342927066381023
4.98 499 0.7634083604708289 0.08545344539655611 0.08545345251769111
4.99 500 0.6361746984363638 0.043252247811977444 0.043023206509068636
5.0 501 0.5078924335644266 0.17187242284114837 0.17187243716387945
5.01 502 0.3786878788056206 0.3012096802742041 0.3009651870510845
5.0200000000000005 503 0.24868868368885017 0.4301717151838147 0.43017175103153044
5.03 504 0.1180237070600918 0.5596207830519242 0.5593619026816365
5.04 505 0.01317711180541048 0.6884049693105982 0.6884050266777952
5.05 506 0.14478288358717328 0.8174423920601077 0.8171702519701998
5.0600000000000005 507 0.27666190066797414 0.9455265068153763 0.9455265856094115
5.07 508 0.4086817701129277 1.0736272617249494 1.0733430470876293
5.08 509 0.5407095477438605 1.2004887030150735 1.2004888030560017
5.09 510 0.6726118731719073 1.3271283537073868 1.3268333022782084
5.1000000000000005 511 0.8042551056501883 1.4522462896595028 1.4522464106802728
5.11 512 0.9355054606069338 1.576903149628264 1.576598546355826
5.12 513 1.0662291467186642 1.6997606727390093 1.69976081438602
5.13 514 1.196292503381692 1.8219179699025816 1.8216051413327057
5.14 515 1.3255621384397829 1.9420042474298687 1.9420044092638844
5.15 516 1.4539050660250217 2.0611522806715445 2.0608325891703068
5.16 517 1.5811888443683584 2.1779646921349776 2.1779648736324035
5.17 518 1.7072817134362772 2.293602970776582 2.293277808597354
5.18 519 1.8320527322493905 2.4066492235717867 2.4066494241262957
5.19 520 1.9553719157391432 2.5182885807524458 2.5179593639727873
5.2 521 2.0771103709986605 2.627088794929717 2.627089013854227
5.21 522 2.197140432784244 2.7342534659244064 2.7339216282791985
5.22 523 2.315335798124202 2.8383422192655527 2.8383424557945505
5.23 524 2.4315716598924912 2.940571875879995 2.940238862517686
5.24 525 2.545724839205228 3.0395002005284883 3.039500453820686
5.25 526 2.657673916499163 3.1363519328456606 3.136019194034807
5.26 527 2.767299361151978 3.2296892549039424 3.22968952404526
5.2700000000000005 528 2.8744836595057226 3.3207394918348943 3.320408476648405
5.28 529 2.9791114411558075 3.4080755055384295 3.408075789545298
5.29 530 3.0810696033696905 3.4929218658432664 3.4925940158478523
5.3 531 3.1802474335006545 3.5738683341530146 3.573868631975979
5.3100000000000005 532 3.2765367292642646 3.6521313998483813 3.6518081428266935
5.32 533 3.3698319167465645 3.726323873570956 3.726324184098575
5.33 534 3.460030166015607 3.7976488779250683 3.797331621657862
5.34 535 3.5470315042095897 3.8647483257719677 3.8647486478349817
5.3500000000000005 536 3.630738925977611 3.928806748408153 3.928496874543559
5.36 537 3.711058501151272 3.9885010907410234 3.988501423116788
5.37 538 3.7878994795281518 4.044992152722793 4.04469101075939
5.38 539 3.8611743926506774 4.096997692099342 4.09699803351651
5.39 540 3.930799152466975 4.145649744254564 4.145358645664454
5.4 541 3.996693146763195 4.189712486288189 4.189712835431604
5.41 542 4.058779331259845 4.230284284443972 4.230004496961459
5.42 543 4.116984318268094 4.266181142917708 4.266181498433525
5.43 544 4.171238461805069 4.2984630041607925 4.298195746261523
5.44 545 4.221475939070885 4.326002884791358 4.3260032452923305
5.45 546 4.267634828193561 4.349817719338419 4.349564154933045
5.46 547 4.309657182151749 4.368842477066762 4.368842841137708
5.47 548 4.347489098788896 4.384046690823808 4.3838079241892585
5.48 549 4.381080786836363 4.394431956013265 4.39443232221667
5.49 550 4.410386627867081 4.400916219420979 4.400693290391437
5.5 551 4.435365234105255 4.402572088870258 4.4025724557520105
5.51 552 4.45597950202186 4.400261968170696 4.400055847609202
5.5200000000000005 553 4.472196661649929 4.393133557394899 4.393133923490104
5.53 554 4.483988321557865 4.381990005012179 4.3818015905825956
5.54 555 4.491330509423474 4.366057858808252 4.366058222647145
5.55 556 4.494203708155835 4.346077560109544 4.3459076723672885
5.5600000000000005 557 4.492592887516658 4.321357919000894 4.321358279114785
5.57 558 4.486487531197388 4.292573493291725 4.292422872110295
5.58 559 4.475881659312878 4.259118414037792 4.259118768965046
5.59 560 4.460773846277266 4.221598468245032 4.221467769593888
5.6000000000000005 561 4.441167234032315 4.179495797202799 4.179496145494822
5.61 562 4.417069540603332 4.133344831307172 4.133234624395003
5.62 563 4.388493063962553 4.082718030040766 4.082718370267958
5.63 564 4.355454681184749 4.028076193935872 4.027986958731696
5.64 565 4.317975842884708 3.969084017084491 3.9690843478421636
5.65 566 4.2760825629310695 3.9061267191584705 3.906058844301345
5.66 567 4.229805403435996 3.8389627451899573 3.838963065104168
5.67 568 4.1791794550250145 3.767900113546596 3.767853894653072
5.68 569 4.124244312396313 3.692792129640795 3.692792437374097
5.69 570 4.0650440451837495 3.6138683274962116 3.61384396587287
5.7 571 4.001627164142704 3.5310775704167643 3.5310778646738257
5.71 572 3.9340465826827784 3.444569967823752 3.4445675695904523
5.72 573 3.862359573776458 3.3543902232462286 3.3543905027793146
5.73 574 3.786627722277403 3.2606084279072824 3.2606280035349307
5.74 575 3.706916872687246 3.1633649912730917 3.163365254887376
5.75 576 3.623297072414296 3.062649741803892 3.0626912060687452
5.76 577 3.5358425105725355 2.958698244360694 2.9586984909193816
5.7700000000000005 578 3.4446314523740207 2.8514201699541273 2.851483342308834
5.78 579 3.349746169172411 2.741145274221861 2.741145502651097
5.79 580 3.2512728642200215 2.6277035252378687 2.6277881305976276
5.8 581 3.149301594205603 2.511517494702629 2.5115177039961782
5.8100000000000005 582 3.0439261866441973 2.39233824926678 2.392443919207196
5.82 583 2.9352441531953732 2.2706793976501354 2.270679586873802
5.83 584 2.823356598989988 2.1462142498835814 2.1463405242450015
5.84 585 2.70836812805055 2.0195452758601378 2.0195454441559186
5.8500000000000005 586 2.590386744894027 1.8902695118808681 1.890415840772211
5.86 587 2.4695237524103653 1.7590757256197447 1.7590758722096855
5.87 588 2.3458936461138933 1.6254864939499827 1.6256522401433386
5.88 589 2.2196140048690185 1.490273942334065 1.490274066523812
5.89 590 2.090805378195181 1.3528883258165512 1.3530727675221217
5.9 591 1.9595911702600817 1.214181823644879 1.2141819248269021
5.91 592 1.8260975206737573 1.0735348204121022 1.0737371544213956
5.92 593 1.6904531821995383 0.931875895313616 0.931875972970098
5.93 594 1.5527893955017227 0.7885183167645463 0.7887376619481424
5.94 595 1.4132397610526595 0.6444630759433189 0.6444631296486842
5.95 596 1.2719401083256046 0.4989593700617424 0.4991947712063969
5.96 597 1.1290283624023492 0.35307629735411195 0.3530763267771965
5.97 598 0.9846444081280397 0.2060023060485671 0.2062527380169431
5.98 599 0.8389299519480737 0.05886999809768183 0.05887000300352484
5.99 600 0.6920283815648405 0.08918934244594792 0.08892497025103653
6.0 601 0.5440846235544305 0.23698449180164044 0.23698451155038847
6.01 602 0.395244999086197 0.3854374984891381 0.3851603373754069
6.0200000000000005 603 0.24565707788990365 0.5333036562643166 0.5333037007063779
6.03 604 0.09546953061766528 0.6815542846809842 0.6812655416529693
6.04 605 0.05516802025050305 0.8288965696635348 0.8288966387383889
6.05 606 0.20610515080644687 0.9763468281798817 0.9760477606826718
6.0600000000000005 607 0.3571907872666299 1.1225697249819708 1.1225698185296378
6.07 608 0.5082733585237689 1.2686221075177737 1.2683140179610743
6.08 609 0.6592009495421173 1.4131318938802586 1.413132011641489
6.09 610 0.8098214554396796 1.5571918213496454 1.556876051436023
6.1000000000000005 611 0.9599827360999377 1.6993989987274811 1.6993991403443514
6.11 612 1.109532771154495 1.8408772591110387 1.840555183993038
6.12 613 1.2583198151776902 1.9801989765123684 1.980199141529285
6.13 614 1.406192552933279 2.118514153467326 2.1181871757589117
6.140000000000001 615 1.5530002545132737 2.2543766145071773 2.2543768023722768
6.15 616 1.6985929302085663 2.388957494433765 2.3886270381021624
6.16 617 1.842821484951204 2.520798337591837 2.5207985476587917
6.17 618 1.9855378721679018 2.651086285123103 2.65075378928764
6.18 619 2.126595246885093 2.778356927267091 2.778357158797305
6.19 620 2.2658481179260086 2.9038082192407173 2.903475131905669
6.2 621 2.403152499040976 3.025976152588923 3.025976404754114
6.21 622 2.5383660588130654 3.146064260692594 3.145732032441323
6.22 623 2.6713482691818466 3.2626152935444366 3.2626155654295963
6.23 624 2.801960552429491 3.3768331060010803 3.3765031836789365
6.24 625 2.930066426474511 3.4872735377591964 3.487273828365914
6.25 626 3.0555316483201014 3.595135510633338 3.5948093310468274
6.26 627 3.1782243555053222 3.6989942318765934 3.698994540126738
6.2700000000000005 628 3.2980152054095475 3.8000384608391236 3.799717444498776
6.28 629 3.4147775122621917 3.8968689694808294 3.896869294220569
6.29 630 3.5283873817121476 3.9906591731634937 3.9903447180976865
6.3 631 3.6387238428132207 4.080041498042488 4.080041838046636
6.3100000000000005 632 3.7456689772846774 4.166168904446678 4.165862380113362
6.32 633 3.8491080459082103 4.247711428049527 4.247711782026197
6.33 634 3.9489296119256485 4.3257965558429365 4.325499297165757
6.34 635 4.0450256613042885 4.399137728241989 4.399138094837544
6.3500000000000005 636 4.137291719739941 4.4688320551820535 4.468545356736858
6.36 637 4.225626966270797 4.533641991694922 4.533642369499187
6.37 638 4.3099343433786075 4.594629502856216 4.5943546132332544
6.38 639 4.390120663456912 4.6506114583858995 4.650611845937641
6.390000000000001 640 4.46609671152971 4.702610067339886 4.7023481837062615
6.4 641 4.537777344107615 4.749501780839282 4.7495021766319
6.41 642 4.605081584072343 4.792264617435445 4.79201688032149
6.42 643 4.667932711484165 4.829839520453627 4.829839922941069
6.43 644 4.726258350211162 4.863156079380606 4.862923567712886
6.44 645 4.779990550283131 4.891224363188839 4.8912247707916965
6.45 646 4.829065865877272 4.9149215080493125 4.914705234451899
6.46 647 4.873425428847218 4.93333104441019 4.9333314555219445
6.47 648 4.913015017711213 4.947273862622696 4.947074769007167
6.48 649 4.947785122020009 4.955910973853746 4.955911386847165
6.49 650 4.977691002029622 4.960003478295353 4.959822431758711
6.5 651 5.002692743608683 4.9587935528865525 4.958793966120187
6.51 652 5.022755308315127 4.952979226810226 4.952817015858623
6.5200000000000005 653 5.037848578581676 4.941887177480691 4.941887589305458
6.53 654 5.0479473979546015 4.926149359877661 4.926006690992358
6.54 655 5.05303160633529 4.905179921597686 4.9051803303635095
6.55 656 5.053086070179079 4.8795420308256094 4.879419525386133
6.5600000000000005 657 5.048100707611183 4.848739896983628 4.8487403010461065
6.57 658 5.038070508424481 4.813265491143031 4.813163682720924
6.58 659 5.022995548929325 4.772715286700344 4.772715684427425
6.59 660 5.002881001630756 4.727507959912162 4.7274272919471185
6.6000000000000005 661 4.977737139713754 4.677334051058493 4.677334440837122
6.61 662 4.947579336322591 4.6225371654716305 4.622477989340127
6.62 663 4.912428058625621 4.562903305969285 4.562903686211998
6.63 664 4.87230885666224 4.498699560006164 4.4986621334910115
6.640000000000001 665 4.827252346974172 4.429808375086458 4.4298087442379055
6.65 666 4.777294191028583 4.356419209113796 4.356403695281261
6.66 667 4.722475068445892 4.2785115184644305 4.27851187500778
6.67 668 4.662840645050674 4.196196359753052 4.196202826242462
6.68 669 4.598441535769228 4.109550341805385 4.1095506842686085
6.69 670 4.529333262402925 4.018605691313898 4.018634110042797
6.7 671 4.455576206311706 3.923535891703052 3.92353621866504
6.71 672 4.377235556047349 3.824294255883035 3.8243445031691956
6.72 673 4.294381249981625 3.721150443607398 3.7211507537038977
6.73 674 4.207087913979433 3.613979115079131 3.6140509721788896
6.74 675 4.115434794172458 3.503144990527323 3.503145282456665
6.75 676 4.0195056848937485 3.388444682113234 3.388537836173794
6.76 677 3.9193888518391033 3.2703364417527467 3.270336714281336
6.7700000000000005 678 3.815176950525798 3.1485397789763505 3.14865382439792
6.78 679 3.7069669401244596 3.0236045421063102 3.023604794073867
6.79 680 3.594859992744499 2.895174419866967 2.8953088600687957
6.8 681 3.478961398258699 2.763888523425311 2.763888753749822
6.8100000000000005 682 3.359380464756966 2.629316333138641 2.6294705827212654
6.82 683 3.236230414724146 2.492183501118764 2.492183708801144
6.83 684 3.1096282770411108 2.35198723516909 2.352160622463375
6.84 685 2.9796947749131926 2.2095366297404495 2.2095368138688762
6.8500000000000005 686 2.846554209833964 2.0642588706201477 2.0644506406120207
6.86 687 2.7103343416970116 1.9170430325589662 1.9170431923128766
6.87 688 2.571166265172133 1.767248834570585 1.767458152188731
6.88 689 2.429184282466838 1.615841521088478 1.6158416557422113
6.890000000000001 690 2.2845257725976205 1.4621161929538602 1.4623421467060589
6.9 691 2.1373310572994466 1.3071101214619105 1.3071102303879758
6.91 692 1.9877432637054087 1.1500569186193017 1.1502985245615776
6.92 693 1.8359081839323468 0.9920614253807096 0.9920615080526632
6.93 694 1.681974131711245 0.832299161150896 0.8325553671721876
6.94 695 1.5260917962047933 0.6719377841551252 0.6719378401500544
6.95 696 1.3684140931575013 0.5100983693224139 0.5103680597261174
6.96 697 1.209096013526594 0.34800636505611005 0.34800639405669925
6.97 698 1.0482944697451457 0.1847322857349329 0.1850142860973527
6.98 699 0.8861681397710822 0.02155408982775844 0.021554091623936806
6.99 700 0.7228773090786343 0.14250416622844245 0.14221108394387325
7.0 701 0.5585837107508033 0.30611752424158784 0.306117549751433
7.01 702 0.3934503638340143 0.4703040824883004 0.47000119458331613
7.0200000000000005 703 0.2276414101178048 0.6336975998269099 0.6336976526351504
7.03 704 0.06132194950451586 0.7973538443304724 0.7970424698140681
7.04 705 0.10534212586461789 0.9598711904088976 0.9598712703983261
7.05 706 0.2721842985585856 1.1223384290409684 1.1220199238854915
7.0600000000000005 707 0.43903759371173146 1.283324604914757 1.2833247118586917
7.07 708 0.6057347476140187 1.4439467434634392 1.4436224946996965
7.08 709 0.7721083768650034 1.602750744415121 1.6027508779779538
7.09 710 0.9379911479187213 1.7608769586671362 1.7605483783442266
7.1000000000000005 711 1.1032159468465284 1.9168544290200678 1.9168545887582606
7.11 712 1.2676160491441142 2.071841823843786 2.0715103428799644
7.12 713 1.4310252894088964 2.224357693091018 2.224357878454535
7.13 714 1.5932782307134818 2.375573937570956 2.375240999522307
7.140000000000001 715 1.754210333501373 2.5240050269513503 2.5240052372855284
7.15 716 1.9136581238309778 2.670830954690963 2.6704980094650153
7.16 717 2.071459360794751 2.814568543433484 2.814568777981338
7.17 718 2.2274532029404623 2.956400707254549 2.956069204796209
7.18 719 2.38148037352272 3.0948530478468714 3.0948533057518155
7.19 720 2.533383324413728 3.2311062182701638 3.230777602247465
7.2 721 2.683006398503262 3.363700990285875 3.36370127059486
7.21 722 2.8301959904194085 3.4938105873785603 3.493486288895728
7.22 723 2.9748007054028167 3.61999727962044 3.6199975812874916
7.23 724 3.1166715161690774 3.7434217280402917 3.743103159405493
7.24 725 3.2556619175955905 3.8626739390225446 3.8626742609126925
7.25 726 3.391628079071417 3.9788969363758997 3.9785854849508255
7.26 727 3.524428994350462 4.090714583476018 4.090714924369591
7.2700000000000005 728 3.653926628751142 4.199247272435902 4.198944294593964
7.28 729 3.7799860635477525 4.303158700395368 4.303159058992653
7.29 730 3.902475637401839 4.403541735394979 4.403248550614436
7.3 731 4.021267084684284 4.4991057152360865 4.499106090162323
7.3100000000000005 732 4.136235670542205 4.590911214961781 4.590629100079502
7.32 733 4.247260322567576 4.677718824813913 4.677719214624607
7.33 734 4.3542237589281445 4.760552202167103 4.760282385818014
7.34 735 4.457012612824217 4.838228581958214 4.838228985144747
7.3500000000000005 736 4.555517553138905 4.911730243637515 4.911473900903929
7.36 737 4.649633401152837 4.97993621610346 4.979936631098988
7.37 738 4.739259243198487 5.043783124473184 5.04354137176732
7.38 739 4.824298539133011 5.102216675466959 5.102217100652545
7.390000000000001 740 4.904659226512787 5.156123765925328 5.1558976561273
7.4 741 4.980253820357107 5.204521377568145 5.20452181127914
7.41 742 5.050999508392829 5.248242825204637 5.248033343077114
7.42 743 5.1168182416761905 5.286380656008758 5.286381096541375
7.43 744 5.17763682049285 5.319710985943894 5.319519043843342
7.44 745 5.233386975441678 5.347405892650937 5.347406338269
7.45 746 5.2840054436128305 5.3701809290798375 5.37000736298309
7.46 747 5.3294340397755 5.387291325595412 5.387291774537268
7.47 748 5.36961972249571 5.399388975207179 5.399234541070589
7.48 749 5.404514655109725 5.405815524670524 5.405815975156066
7.49 750 5.434076261483753 5.407156390785465 5.407021761252519
7.5 751 5.4582672764959375 5.4028425274886285 5.40284297772642
7.51 752 5.4770557911819715 5.393390351942207 5.393276113413934
7.5200000000000005 753 5.490415292491018 5.378322630504527 5.378323078698989
7.53 754 5.4983246976042 5.358084561007853 5.357991211088782
7.54 755 5.50076838277335 5.332292830915078 5.332293275273717
7.55 756 5.497736206643284 5.301319512333732 5.301247457664532
7.5600000000000005 757 5.4892235280266775 5.26487691666429 5.264877355404924
7.57 758 5.4752312181059 5.223262405377493 5.223211959863727
7.58 759 5.455765667042293 5.1762852032583275 5.176285634616304
7.59 760 5.430838784978798 5.1241667044859165 5.1241380879306275
7.6000000000000005 761 5.400467997427676 5.066813917543628 5.066814339778979
7.61 762 5.364676235040871 5.004371346256001 5.004364683402088
7.62 763 5.3234919177662 4.936844230053374 4.9368446414578955
7.63 764 5.276948933398521 4.86429959680646 4.864314916793009
7.640000000000001 765 5.225086610540589 4.78684093897603 4.786841337880251
7.65 766 5.16794968599425 4.704457562736452 4.7044947989714005
7.66 767 5.105588266608189 4.617350810239536 4.617351195019552
7.67 768 5.038057785614378 4.525432360981484 4.525491351431163
7.68 769 4.9654189534909 4.429000579628926 4.429000948713056
7.69 770 4.887737703394526 4.327889954190725 4.327970442085035
7.7 771 4.805085131212222 4.222494624258844 4.222494976134111
7.71 772 4.717537430285945 4.112572659641131 4.11267429459127
7.72 773 4.62517582087118 3.9986123120988224 3.998612645317191
7.73 774 4.528086474394604 3.8802963410641103 3.880418680587988
7.74 775 4.426360432582102 3.7582050395928386 3.758205352777228
7.75 776 4.320093521533367 3.631947294086383 3.632089805535097
7.76 777 4.209386260824917 3.5021929687206277 3.502193260570634
7.7700000000000005 778 4.094343767728311 3.368478837270297 3.368640900147253
7.78 779 3.9750756566356027 3.2315614761092526 3.23156174540659
7.79 780 3.851695933788976 3.090907621977204 3.091088530639817
7.8 781 3.724322887416586 2.947357328016661 2.947357573630271
7.8100000000000005 782 3.5930789733814037 2.800309675462834 2.800508642195015
7.82 783 3.458090696454507 2.650684596166472 2.6506848170573045
7.83 784 3.3194884873289254 2.497816192743455 2.498032351185536
7.84 785 3.1774065754948175 2.342700330513039 2.3427005257384645
7.8500000000000005 786 3.0319828581007977 2.184609093838533 2.184841502759661
7.86 787 2.883358764930939 2.0246100060502257 2.02461017476807
7.87 788 2.7316791196304995 1.861916363997828 1.862164011394439
7.88 789 2.5770919973181896 1.6976627617449975 1.697662903217182
7.890000000000001 790 2.4197485787259394 1.531007195451182 1.5312690029536715
7.9 791 2.2598030010113384 1.3631464505705586 1.3631465641663283
7.91 792 2.097412205391112 1.1931869500767083 1.193461777645146
7.92 793 1.9327357817478927 1.0223825204326926 1.022382605631409
7.930000000000001 794 1.7659358103652825 0.849791963160789 0.8500786140491938
7.94 795 1.597176700949802 0.6767207465203993 0.6767208029139089
7.95 796 1.426625029100804 0.5021842091211817 0.5024814350887785
7.96 797 1.2544493703927464 0.32753383626799654 0.3275338635625382
7.97 798 1.080820132236405 0.15174585067613874 0.15205235742286816
7.98 799 0.9059093836882406 0.023788071315817175 0.02378807329816052
7.99 800 0.7298906833795443 0.2001263065315968 0.1998118537289558
8.0 801 0.5529389057387086 0.37584298971478536 0.37584302103506056
8.01 802 0.37523006568246164 0.552026431412001 0.5517054018876026
8.02 803 0.19694114195316603 0.7272227297412489 0.7272227903431949
8.03 804 0.01824989928109133 0.9025453342179666 0.9022191259541023
8.040000000000001 805 0.16066529044808764 1.0765185822171863 1.0765186719271438
8.05 806 0.3396256278389067 1.2502761596100342 1.2499461931493339
8.06 807 0.518452066262858 1.4223270153715366 1.4223271338988888
8.07 808 0.6969654925822661 1.5938200827997977 1.593487795059263
8.08 809 0.8749869081378205 1.7632553637172066 1.763255510655278
8.09 810 1.0523376098151178 1.9317919855165633 1.931458823530259
8.1 811 1.2288393710055705 2.097927485156609 2.097927659984047
8.11 812 1.404314622276881 2.262826088574916 2.26249350319256
8.120000000000001 813 1.578586631568417 2.424989363148066 2.424989565230684
8.13 814 1.751479683726976 2.5855815179524377 2.5852509575213576
8.14 815 1.9228192591995212 2.7431146309426238 2.7431148595357024
8.15 816 2.092432211698994 2.8987477815117493 2.898420685569697
8.16 817 2.2601469446614413 3.051009995174652 3.0510102494256985
8.17 818 2.4257935863129476 3.201050133822179 3.200727926828476
8.18 819 2.5892041631663565 3.3474205364558025 3.347420815407749
8.19 820 2.7502127717692435 3.4912548069492852 3.4909388920816067
8.2 821 2.9086557485261233 3.631134865082769 3.631135167677595
8.21 822 3.0643718374197677 3.768174085587196 3.7678658386309962
8.22 823 3.2172023554582676 3.9009901105197327 3.9009904356025142
8.23 824 3.3669913556772375 4.030671205503869 4.030371968861053
8.24 825 3.5135857875279024 4.155876723956263 4.155877070279615
8.25 826 3.6568356544853633 4.277665054953562 4.277376131796521
8.26 827 3.796594168713321 4.394743073968231 4.394743440197129
8.27 828 3.9327179026247703 4.508134659478598 4.507857308075021
8.28 829 4.065066937180989 4.6165998161183985 4.616600200835374
8.290000000000001 830 4.193505006774487 4.721123431373972 4.720858859607205
8.3 831 4.317899640544765 4.820524018224457 4.820524419935131
8.31 832 4.438122299979674 4.915743166017007 4.9154925261257745
8.32 833 4.554048512658065 5.005663023988858 5.005663441127794
8.33 834 4.665558001994054 5.091177768269089 5.090942151829498
8.34 835 4.772534812846697 5.17123803872538 5.171238469662246
8.35 836 4.874867432863162 5.246686693230996 5.246467126402704
8.36 837 4.972448909427631 5.316547422025788 5.3165478650717795
8.370000000000001 838 5.065176962092707 5.381608086775827 5.381405525833031
8.38 839 5.15295409037441 5.440969673383771 5.440970126798293
8.39 840 5.235687676796801 5.495361612486864 5.49517693965361
8.4 841 5.313290085076579 5.543966098025898 5.543966560023462
8.41 842 5.38567875334333 5.587450952888983 5.587284972496907
8.42 843 5.452776282295851 5.625083141487137 5.62508361024446
8.43 844 5.514510518200106 5.657465974174853 5.6573194091601104
8.44 845 5.570814630639614 5.683954382805087 5.683954856468351
8.45 846 5.621627184934339 5.705084544987165 5.704958033741786
8.46 847 5.666892209149534 5.7203021775882466 5.720302654280498
8.47 848 5.706559255621466 5.730074001218723 5.729968094810111
8.48 849 5.740583456932562 5.733938943632656 5.733939421461304
8.49 850 5.768925576273979 5.732292250228545 5.732207409999242
8.5 851 5.791552052139532 5.724768083212998 5.724768560277408
8.51 852 5.808435037300403 5.711688509337923 5.711625104896067
8.52 853 5.819552432016129 5.692784537652498 5.692785012051608
8.53 854 5.824887911443063 5.668303674959626 5.668261982568893
8.540000000000001 855 5.82443094720738 5.638074971274719 5.6380754411146965
8.55 856 5.818176823115853 5.602270320220345 5.602250521596343
8.56 857 5.806126644983358 5.56081758335358 5.560818046755436
8.57 858 5.788287344562256 5.513812320454356 5.513814501972756
8.58 859 5.76467167756471 5.461281548198956 5.461282003306136
8.59 860 5.735298215775069 5.403244107469351 5.403268259789174
8.6 861 5.700191333255606 5.339826085038584 5.339826530024466
8.61 862 5.659381186654685 5.270969555007209 5.271015573110944
8.620000000000001 863 5.612903689632747 5.196899160875431 5.196899593950727
8.63 864 5.56080048142746 5.117480499336414 5.117548182986744
8.64 865 5.503118889585197 5.033035831007867 5.033036250427873
8.65 866 5.439911886892306 4.943354900413249 4.943443955024463
8.66 867 5.371238042545449 4.848856223390637 4.84885662746233
8.67 868 5.2971614676060845 4.749254650528823 4.74936468844906
8.68 869 5.2177517547903465 4.645063174483022 4.645063561571947
8.69 870 5.1330839126510845 4.5359230388134275 4.53605358101222
8.700000000000001 871 5.043238294214899 4.422439525668695 4.422439894205632
8.71 872 4.948300520142606 4.304181881391017 4.304332359544746
8.72 873 4.848361396486946 4.181845090735677 4.1818454392230615
8.73 874 4.743516827127642 4.054928328360626 4.0550980873268445
8.74 875 4.633867720968605 3.9242133062666906 3.9242136332847437
8.75 876 4.5195198939880195 3.78913136012073 3.7893196607905564
8.76 877 4.4005839662372805 3.6505475781065284 3.650547882319084
8.77 878 4.277175253889797 3.507827986843416 3.508034009359591
8.78 879 4.1494136564461135 3.3619173383358834 3.361917618495899
8.790000000000001 880 4.01742353920655 3.212119166139865 3.212342013466454
8.8 881 3.8813336111277765 3.0594538283873622 3.0594540833420645
8.81 882 3.7412767981840434 2.903165455134361 2.9034041569625666
8.82 883 3.59739011235926 2.744345625082839 2.7443458537785013
8.83 884 3.4498145163998477 2.5821824142736576 2.5824359312467267
8.84 885 3.2986947844632413 2.417833927446786 2.4178341289331176
8.85 886 3.1441793588010567 2.25043578123992 2.2507030094787517
8.86 887 2.986420202620037 2.0812076231552306 2.0812077965893447
8.870000000000001 888 2.8255726492679405 1.9092364343010497 1.909516210210811
8.88 889 2.6617952478955873 1.7357981544070527 1.7357982990570215
8.89 890 2.49524960574937 1.5599351653212739 1.5602262706580659
8.9 891 2.326100227253046 1.3829742038529864 1.3829743191009345
8.91 892 2.154514350040098 1.2039172834604952 1.204218450636043
8.92 893 1.9806617781017435 1.0241362219811685 1.0241363073259255
8.93 894 1.8047147122184681 0.842597071313071 0.8429069889143055
8.94 895 1.626847577845982 0.6607108180364638 0.6607108730957452
8.950000000000001 896 1.447236850629115 0.4774121158682891 0.47772943436780674
8.96 897 1.2660608797199073 0.29414503713728285 0.294145061649391
8.97 898 1.0834997090779297 0.10981753721718157 0.11014087484971494
8.98 899 0.8997348969340604 0.07409945325042014 0.07409945942538003
8.99 900 0.7149493335998675 0.2587198616224812 0.2583919128431832
9.0 901 0.5293270578072453 0.442552243922447 0.4425522808018316
9.01 902 0.3430530717642921 0.6267275000374695 0.626396368187536
9.02 903 0.15631315511494837 0.8097401077639552 0.8097401752423551
9.03 904 0.030706322008960285 0.9927329563265698 0.9924000833533909
9.040000000000001 905 0.21781858665349052 1.1741929427247253 1.1741930405742202
9.05 906 0.40483665123537116 1.355269911246167 1.3549367466893338
9.06 907 0.5915735020710708 1.5344497097624716 1.5344498376333882
9.07 908 0.7778422880497586 1.7128840743973637 1.7125520690765028
9.08 909 0.9634565092586607 1.8890643415664898 1.8890644989886518
9.09 910 1.148230205368578 2.064139069299529 2.0638096689965395
9.1 911 1.3319781435877307 2.23661159796318 2.236611784347637
9.11 912 1.5145160059922584 2.4076222531341576 2.4072968922973383
9.120000000000001 913 1.6956605760424657 2.5756928440955376 2.5756930587367877
9.13 914 1.8752299240941888 2.741950447382877 2.741630542880371
9.14 915 2.0530435917164453 2.904941727755655 2.904941969834337
9.15 916 2.228922774626338 3.0657755559193767 3.065462500869139
9.16 917 2.402690504054795 3.2230297326352524 3.2230300012212894
9.17 918 2.5741718263573965 3.377790047549182 3.3774852052523268
9.18 919 2.7431939806865424 3.52867158473916 3.5286718787953735
9.19 920 2.909586574543061 3.676732280518501 3.6764369785224553
9.200000000000001 921 3.073181757027416 3.820630489782609 3.820630808168752
9.21 922 3.2338143896127773 3.961391647135578 3.9611071714528974
9.22 923 3.3913222142651724 4.097723180059043 4.097723521536262
9.23 924 3.545546018737669 4.23061351735875 4.230341106866755
9.24 925 3.6963297988692623 4.358824750021402 4.3588251132571045
9.25 926 3.843520917721497 4.483303961005251 4.483044802050902
9.26 927 3.9869702613892515 4.6028732606606555 4.602873644233751
9.27 928 4.126532391325408 4.718434229117405 4.718189450350879
9.28 929 4.2620656930225085 4.828874093690356 4.828874496096869
9.290000000000001 930 4.393432520898344 4.935044975987963 4.934815643447447
9.3 931 4.520499339235815 5.035904037548662 5.035904457207687
9.31 932 4.643136859032141 5.132250204386867 5.132037316855981
9.32 933 4.761220170615544 5.223115088307262 5.223115523567221
9.33 934 4.8746288718927016 5.309240917646129 5.309045402304166
9.34 935 4.983247192094227 5.389737949725352 5.389738398870561
9.35 936 5.086964110890034 5.465288463440802 5.465111171824776
9.36 937 5.185673472751117 5.535085217900497 5.535085679157988
9.370000000000001 938 5.279274096439182 5.59974755535011 5.5995892596461445
9.38 939 5.367669879510189 5.658554237243785 5.65855470879037
9.39 940 5.4507698977234975 5.71205895958587 5.7119203492661175
9.4 941 5.528488499252617 5.759629615837063 5.759630095806603
9.41 942 5.600745393599641 5.80175183563238 5.801633514452096
9.42 943 5.667465735120321 5.837885389611241 5.837885876102101
9.43 944 5.728580201072366 5.868445720945496 5.868348204313366
9.44 945 5.784025064105052 5.892986826209854 5.892987317292504
9.450000000000001 946 5.833742259113987 5.9118521513047275 5.91177586403788
9.46 947 5.87767944439043 5.924691860866658 5.9246923545913965
9.47 948 5.915790057000513 5.931775909893378 5.931721184366871
9.48 949 5.9480333623354475 5.93285215812282 5.932852652527584
9.49 950 5.974374497779888 5.928115899692984 5.928082974391828
9.5 951 5.994784510451454 5.917413794733008 5.917414287851241
9.51 952 6.009240388970502 5.900865635312848 5.900854653792873
9.52 953 6.017725089225418 5.878417560653539 5.878418050522082
9.53 954 6.020227554104649 5.850113351927331 5.85012436218941
9.540000000000001 955 6.016742727172996 5.815998876563793 5.815999361230776
9.55 956 6.007271560275751 5.776041730556084 5.776074684836466
9.56 957 5.991821015060552 5.730387327937673 5.730387805470353
9.57 958 5.97040405841298 5.678927240489479 5.6789819954671215
9.58 959 5.943039651808139 5.621905817248511 5.6219062857410576
9.59 960 5.909752734586723 5.5591391012261955 5.559215418646215
9.6 961 5.870574201170242 5.490969337452436 5.4909697950336005
9.61 962 5.8255408722362185 5.417137867846551 5.4172354155570694
9.620000000000001 963 5.774695459880521 5.338083371444773 5.33808381628543
9.63 964 5.71808652679999 5.253473645286379 5.253591998684248
9.64 965 5.6557684395345795 5.163841923715764 5.163842354036287
9.65 966 5.587801315814613 5.068783938496569 5.0689225823757
9.66 967 5.514250966064437 4.968925191938842 4.96892560601629
9.67 968 5.435188829119982 4.863791146965701 4.863949477759931
9.68 969 5.350691902223533 4.7540968877015635 4.754097283876638
9.69 970 5.260842665364985 4.63929971354245 4.639477041953187
9.700000000000001 971 5.165729000044573 4.520201217028609 4.520201593712362
9.71 972 5.0654441025378585 4.3961929389130745 4.396388492910295
9.72 973 4.960086391749229 4.268159532743715 4.268159888423975
9.73 974 4.849759411746053 4.135429474463124 4.135642402646633
9.74 975 4.734571729070694 3.9989666720653636 3.998967005312867
9.75 976 4.614636824933308 3.8580395075741367 3.858268882880482
9.76 977 4.490072982393304 3.713686994126294 3.713687303600472
9.77 978 4.361003168642708 3.565120654672123 3.565365478410998
9.78 979 4.227554912509703 3.4134501333411644 3.413450417795582
9.790000000000001 980 4.089860177305305 3.2578335785472174 3.258092784749797
9.8 981 3.948055229141354 3.099446485717591 3.0994467440050157
9.81 982 3.802280500851958 2.9373973476007373 2.937669807661012
9.82 983 3.652680451656067 2.7729224463068576 2.7729226773839217
9.83 984 3.499403422702202 2.605084555739743 2.605369083328623
9.84 985 3.342601488641277 2.4351754170171307 2.4351756199485863
9.85 986 3.1824303053773586 2.262216222628464 2.262511578859283
9.86 987 3.0190489541500574 2.087548604961753 2.087548778924283
9.870000000000001 988 2.8526197821061046 1.9101564949131447 1.9104613937360557
9.88 989 2.6833082395215513 1.7314256323808248 1.7314257766664145
9.89 990 2.5112827138387077 1.5503071698616027 1.5506202836633822
9.9 991 2.336714360686347 1.3682249799558757 1.3682250939747205
9.91 992 2.159776932053917 1.1841020635945774 1.1844220289794445
9.92 993 1.9806466017937905 0.9993942860283059 0.9993943693112327
9.93 994 1.7995017886284188 0.8130012467329598 0.8133266704592604
9.94 995 1.616522976841692 0.6264045248331519 0.6264045770335727
9.950000000000001 996 1.431892534836308 0.4384851708366562 0.4388146358835386
9.96 997 1.2457945317412837 0.25074408736393783 0.25074410825929644
9.97 998 1.0584145522551738 0.06204870946881867 0.062380781206504664
9.98 999 0.8699395099135407 0.12608721110606935 0.12608722161334604
9.99 1000 0.6805574589696606 0.31480486192210705 0.3144716294853453
10.0 1001 0.4904574050796562 0.5025841725113813 0.5025842143934306
