0.1 0.017804947289889975
0.2 0.017456433390221897
0.30000000000000004 0.0169335005784484
0.4 0.016241373826366156
0.5 0.01538696863569526
0.6000000000000001 0.014378821940672092
0.7000000000000001 0.013227006809824334
0.8 0.011943031799199961
0.9 0.010539725962679415
1.0 0.009031110668309982
1.1 0.007432259501431069
1.2000000000000002 0.005759147654392208
1.3 0.004028492307711775
1.4000000000000001 0.0022575855975351935
1.5 4.641218383266246E-4
1.6 -0.001333979272872226
1.7000000000000002 -0.0031187517041314575
1.8 -0.004872362599285255
1.9000000000000001 -0.006577290457935938
2.0 -0.008216500204494064
2.1 -0.009773613397022773
2.2 -0.01123307187521548
2.3000000000000003 -0.012580293212390924
2.4000000000000004 -0.013801816418280207
2.5 -0.014885436436791969
2.6 -0.015820326094898404
2.7 -0.01659714428416914
2.8000000000000003 -0.017208129294038945
2.9000000000000004 -0.01764717636425398
3.0 -0.017909898681618328
3.1 -0.01799367121158134
3.2 -0.017897656926715143
3.3000000000000003 -0.017622815170016015
3.4000000000000004 -0.017171892069466274
3.5 -0.016549393099631278
3.6 -0.0157615380644468
3.7 -0.014816198950994158
3.8000000000000003 -0.013722821275207405
3.9000000000000004 -0.012492329705400398
4.0 -0.011137018906592213
4.1000000000000005 -0.009670430696278348
4.2 -0.008107218739066667
4.3 -0.00646300213210445
4.4 -0.004754209344222694
4.5 -0.00299791406810615
4.6000000000000005 -0.0012116646255997108
4.7 5.866913693226304E-4
4.800000000000001 0.0023791853380170985
4.9 0.004147907273268195
5.0 0.005875184690160645
5.1000000000000005 0.007543759203706881
5.2 0.009136958968924917
5.300000000000001 0.01063886526040255
5.4 0.012034471526939521
5.5 0.013309833332046703
5.6000000000000005 0.014452207682146036
5.7 0.015450180350350068
5.800000000000001 0.016293779923644013
5.9 0.016974577433948465
6.0 0.017485770577582195
6.1000000000000005 0.017822251681632005
6.2 0.017980658738132094
6.300000000000001 0.017959408996136326
6.4 0.017758714776042486
6.5 0.017380581348157065
6.6000000000000005 0.0168287868966972
6.7 0.016108844769422894
6.800000000000001 0.015227948390088626
6.9 0.014194899384131094
7.0 0.013020019635737217
7.1000000000000005 0.01171504815498933
7.2 0.010293023785556854
7.300000000000001 0.008768154924880384
7.4 0.007155677558561197
7.5 0.005471703027429386
7.6000000000000005 0.003733057048352032
7.7 0.001957111597232159
7.800000000000001 1.6161133396780752E-4
7.9 -0.0016355036963239295
8.0 -0.0034162773143076417
8.1 -0.005162916618637933
8.200000000000001 -0.006857969766748155
8.3 -0.008484500347892407
8.4 -0.010026256606163455
8.5 -0.011467833822665512
8.6 -0.012794828234373362
8.700000000000001 -0.013993980951771278
8.8 -0.015053310437294161
8.9 -0.015962232220890465
9.0 -0.016711664656548088
9.1 -0.017294119663099364
9.200000000000001 -0.01770377754265287
9.3 -0.017936545129090986
9.4 -0.017990096685632763
9.5 -0.017863897142827025
9.600000000000001 -0.017559207444789452
9.700000000000001 -0.017079071950265836
9.8 -0.016428288014405747
9.9 -0.015613358055175742
10.0 -0.014642424583348409
10.100000000000001 -0.013525188845226292
10.200000000000001 -0.012272813890995717
10.3 -0.010897813037219215
10.4 -0.009413924837912865
10.5 -0.007835975813455916
10.600000000000001 -0.006179732308900111
10.700000000000001 -0.004461742961861716
10.8 -0.0026991733540045345
10.9 -9.096344982222273E-4
11.0 8.889931247811282E-4
11.100000000000001 0.0026787382223437597
11.200000000000001 0.00444171825306183
11.3 0.006160318103232155
11.4 0.007817366091245413
11.5 0.009396305541352616
11.600000000000001 0.01088136021249631
11.700000000000001 0.012257691929296178
11.8 0.013511548840192768
11.9 0.014630402821402384
12.0 0.015603074653788742
12.100000000000001 0.016419845721925203
12.200000000000001 0.01707255511928754
12.3 0.01755468118933437
12.4 0.017861406687743473
12.5 0.017989666914724714
12.600000000000001 0.01793818033648728
12.700000000000001 0.01770746138990174
12.8 0.017299815342416817
12.9 0.01671931525858912
13.0 0.01597176130336844
13.100000000000001 0.015064622788766835
13.200000000000001 0.014006963542962114
13.3 0.012809351347522679
13.4 0.011483752347627406
13.5 0.01004341149029847
13.600000000000001 0.008502720185268896
13.700000000000001 0.0068770725107737485
13.8 0.005182711401008886
13.9 0.003436566352101763
14.0 0.0016560842681822411
14.100000000000001 -1.409448623163121E-4
14.200000000000001 -0.001936565718340746
14.3 -0.0037128370498510366
14.4 -0.005452010940859971
14.5 -0.007136710140743044
14.600000000000001 -0.008750101691982561
14.700000000000001 -0.010276065119514833
14.8 -0.01169935350118842
14.9 -0.013005745809970232
15.0 -0.014182189005746807
15.100000000000001 -0.015216928456986377
15.200000000000001 -0.016099625389131504
15.3 -0.016821460186217035
15.4 -0.017375220513557343
15.5 -0.017755373381010478
15.600000000000001 -0.017958120426786673
15.700000000000001 -0.017981435869423797
15.8 -0.017825086748726078
15.9 -0.01749063525342539
16.0 -0.0169814231123078
16.1 -0.01630253820476419
16.2 -0.015460763724381266
16.3 -0.014464510403513303
16.400000000000002 -0.013323732476024877
16.5 -0.012049828217876453
16.6 -0.010655526059318599
16.7 -0.009154757406624706
16.8 -0.007562517444084227
16.900000000000002 -0.005894715307078359
17.0 -0.004168015123258046
17.1 -0.0023996695100886958
17.2 -6.073471923998817E-4
17.3 0.001191043537673166
17.400000000000002 0.002977533754424432
17.5 0.004734273438143227
17.6 0.0064437098266108914
17.7 0.008088762796498278
17.8 0.009652995522312606
17.900000000000002 0.011120778707724066
18.0 0.0124774467483286
18.1 0.01370944426551941
18.2 0.014804461547348872
18.3 0.01575155754310162
18.400000000000002 0.016541269182656356
18.5 0.017165705928354598
18.6 0.01761862861464471
18.7 0.01789551178776159
18.8 0.017993588922564883
18.900000000000002 0.017911880064743608
19.0 0.017651201622195772
19.1 0.01721415820775046
19.200000000000003 0.016605116614737465
19.3 0.015830162185431824
19.400000000000002 0.014897038008325224
19.5 0.013815067551745542
19.6 0.012595061506842956
19.700000000000003 0.011249209770737796
19.8 0.00979095964909784
19.900000000000002 0.008234881495105005
20.0 0.00659652312730305
20.1 0.004892254480933664
20.200000000000003 0.0031391040449551114
20.3 0.0013545887190092691
20.400000000000002 -4.4346120964947945E-4
20.5 -0.002237080220490133
20.6 -0.004008347065248117
20.700000000000003 -0.0057395638311135205
20.8 -0.007413432772425932
20.900000000000002 -0.00901322914403139
21.0 -0.010522968309407072
21.1 -0.011927565453866064
21.200000000000003 -0.013212986307038961
21.3 -0.014366387368664468
21.400000000000002 -0.015376244236598599
21.5 -0.01623246675483119
21.6 -0.016926499830989657
21.700000000000003 -0.017451408915993814
21.8 -0.017801949291778175
21.900000000000002 -0.01797461847478117
22.0 -0.017967691211603052
22.1 -0.01778123671716766
22.200000000000003 -0.017417117983149724
22.3 -0.016878973163577924
22.400000000000002 -0.016172179223602357
22.5 -0.01530379821463629
22.6 -0.014282506712672657
22.700000000000003 -0.01311850912480502
22.8 -0.011823435730164956
22.900000000000002 -0.010410226474017265
23.0 -0.008893001676104604
23.1 -0.007286920945079772
23.200000000000003 -0.005608031708707518
23.3 -0.003873108873270736
23.400000000000002 -0.002099487214251748
23.5 -3.048881729862236E-4
23.6 0.0014927572101212123
23.700000000000003 0.0032754874566250456
23.8 0.005025490115194419
23.900000000000002 0.0067252797377390025
24.0 0.008357872588225955
24.1 0.009906956338556771
24.200000000000003 0.011357053055957095
24.3 0.012693673853364862
24.400000000000002 0.013903463657600562
24.5 0.014974334648843528
24.6 0.015895587038132222
24.700000000000003 0.016658015976118382
24.8 0.01725400352487913
24.900000000000002 0.017677594773834585
25.0 0.017924557339245806
25.1 0.01799242365279418
25.200000000000003 0.01788051561670836
25.3 0.017589951379093038
25.400000000000002 0.017123634161762675
25.5 0.0164862232522089
25.6 0.015684087449539894
25.700000000000003 0.0147252414295451
25.8 0.013619265664703992
25.900000000000002 0.012377210699271802
26.0 0.011011486735894437
26.1 0.00953573963696554
26.200000000000003 0.007964714579680524
26.3 0.006314108727100001
26.400000000000002 0.004600414387285085
26.5 0.0028407542276072933
26.6 0.001052710190715688
26.700000000000003 -7.458521784218246E-4
26.8 -0.0025369622391384337
26.900000000000002 -0.004302723811769856
27.0 -0.006025493990365406
27.1 -0.007688059424772787
27.200000000000003 -0.009273808310742404
27.3 -0.010766896369584488
27.400000000000002 -0.012152405158964484
27.5 -0.013416491133047126
27.6 -0.014546523962630745
27.700000000000003 -0.015531212733221271
27.8 -0.01636071876011778
27.900000000000002 -0.017026753893297813
28.0 -0.01752266332987253
28.1 -0.01784349210667758
28.200000000000003 -0.017986034608626997
28.3 -0.017948866598159603
28.400000000000002 -0.017732359445749864
28.5 -0.01733867641929692
28.6 -0.016771751069466767
28.700000000000003 -0.01603724792695431
28.8 -0.015142505904365104
28.900000000000002 -0.014096464968226412
29.0 -0.012909576813797044
29.1 -0.011593700435182907
29.200000000000003 -0.010161983634188259
29.3 -0.008628731651826045
29.400000000000002 -0.007009264235078191
29.5 -0.005319762567048205
29.6 -0.0035771075899279216
29.700000000000003 -0.0017987113362036395
29.8 -2.342953382990893E-6
29.900000000000002 0.001794048839453447
30.0 0.0035725150893197036
30.1 0.005315285949330022
30.200000000000003 0.0070049482291345685
30.3 0.008624619381761574
30.400000000000002 0.010158116188446201
30.5 0.011590116456002603
30.6 0.012906312111113805
30.700000000000003 0.01409355216187033
30.8 0.01513997409813436
30.900000000000002 0.016035122417819927
31.0 0.01677005309481336
31.1 0.017337422944725976
31.200000000000003 0.017731562995564963
31.3 0.017948535130227698
31.400000000000002 0.017986171434866118
31.5 0.01784409585996516
31.6 0.017523727977705298
31.700000000000003 0.01702826879806653
31.8 0.016362668785394798
31.900000000000002 0.015533578394998564
32.0 0.014549281623998432
32.1 0.013419613240363764
32.2 0.01215586051716574
32.300000000000004 0.01077065045387345
32.4 0.009277823611549848
32.5 0.007692295822540275
32.6 0.006029909156406811
32.7 0.004307273631205493
32.800000000000004 0.0025416012516765304
32.9 7.50534032582618E-4
33.0 -0.0010480322744714204
33.1 -0.00283612698947235
33.2 -0.004595884061093411
33.300000000000004 -0.006309720578373314
33.4 -0.007960512453350315
33.5 -0.009531765519289121
33.6 -0.011007780334941965
33.7 -0.012373809048176464
33.800000000000004 -0.013616202751639045
33.9 -0.01472254785812539
34.0 -0.01568179013304071
34.1 -0.016484345144657315
34.2 -0.017122194028588538
34.300000000000004 -0.017588963609630956
34.4 -0.017879990080424284
34.5 -0.017992365600672952
34.6 -0.017924967351325025
34.7 -0.01767846875340908
34.800000000000004 -0.0172553327394339
34.9 -0.016659787144580995
35.0 -0.015897782463572856
35.1 -0.01497693239529689
35.2 -0.01390643776924275
35.300000000000004 -0.012696994613855492
35.4 -0.011360687285355095
35.5 -0.009910867724843264
35.6 -0.0083620220501221
35.7 -0.006729625815193104
35.800000000000004 -0.005029989383637237
35.9 -0.0032800949608536184
36.0 -0.0014974269134762663
36.1 3.0020292863701305E-4
36.2 0.0020948332423212463
36.300000000000004 0.003868532674708009
36.4 0.005603579007375854
36.5 0.007282636230899074
36.6 0.008888927760522624
36.7 0.010406404062251894
36.800000000000004 0.011819903014490976
36.9 0.013115301402949647
37.0 0.014279656035132378
37.1 0.015301333064438784
37.2 0.016170124231713552
37.300000000000004 0.016877348862797452
37.4 0.017415940602954046
37.5 0.017780518021550517
37.6 0.017967438381533488
37.7 0.017974834036453655
37.800000000000004 0.017802631091371736
37.9 0.0174525501411923
38.0 0.016928089079048112
38.1 0.016234488146508352
38.2 0.01537867757481698
38.300000000000004 0.01436920834031297
38.400000000000006 0.01321616672590132
38.5 0.011931073542248444
38.6 0.010526769015649893
38.7 0.009017284492734166
38.800000000000004 0.0074177022438849955
38.900000000000006 0.005744004766181289
39.0 0.004012915091569556
39.1 0.0022417296958561063
39.2 4.48145678038979E-4
39.300000000000004 -0.0013499160632558483
39.400000000000006 -0.003134489889469547
39.5 -0.0048877449288321426
39.6 -0.0065921632365396375
39.7 -0.008230714828267077
39.800000000000004 -0.009787027838143062
39.900000000000006 -0.011245552101021601
40.0 -0.012591714524591935
40.1 -0.013812064698900079
40.2 -0.01489440928839838
40.300000000000004 -0.015827933863724122
40.400000000000006 -0.016603310955902853
40.5 -0.01721279325333507
40.6 -0.017650291010372986
40.7 -0.01791143289404575
40.800000000000004 -0.017993609660973738
40.900000000000006 -0.017896000228065836
41.0 -0.017619579876510295
41.1 -0.0171671105070874
41.2 -0.016543113044169944
41.300000000000004 -0.015753822264141265
41.400000000000006 -0.01480712449957057
41.5 -0.01371247884158485
41.6 -0.012480822627756802
41.7 -0.011124462159843654
41.800000000000004 -0.009656949743287629
41.900000000000006 -0.00809294827705985
42.0 -0.006448084746820834
42.1 -0.004738794085244902
42.2 -0.0029821549596062624
42.300000000000004 -0.001195719127380605
42.400000000000006 6.02663935113646E-4
42.5 0.0023950253787823252
42.6 0.004163456520556472
42.7 0.005890287781032964
42.800000000000004 0.007558265233071646
42.900000000000006 0.009150722997331783
43.0 0.01065174976222934
43.1 0.01204634776450315
43.2 0.0133205826419072
43.300000000000004 0.014461722660752506
43.400000000000006 0.01545836592718151
43.5 0.016300554311122463
43.6 0.016979872944633607
43.7 0.01748953430048173
43.800000000000004 0.017824446010870836
43.900000000000006 0.017981261748697807
44.0 0.017958414662946683
44.1 0.01775613303414603
44.2 0.017376437993465412
44.300000000000004 0.01682312332824082
44.400000000000006 0.016101717575705658
44.5 0.015219428783674297
44.6 0.014185072490110688
44.7 0.01300898364118744
44.800000000000004 0.011702913327919708
44.900000000000006 0.010279911373148223
45.0 0.008754195942023263
45.1 0.007141011478797942
45.2 0.005456476389381029
45.300000000000004 0.0037174219915527104
45.400000000000006 0.0019412243420011317
45.5 1.4563062050785872E-4
45.6 -0.0016514181940065734
45.7 -0.003431966583812769
45.800000000000004 -0.00517822389797083
45.900000000000006 -0.006872742110633609
46.0 -0.00849859015595332
46.1 -0.010039523097695263
46.2 -0.011480144443270151
46.300000000000004 -0.012806059980399095
46.400000000000006 -0.014004021599324512
46.5 -0.015062059663543488
46.6 -0.015969602606459386
46.7 -0.016717582558980322
46.800000000000004 -0.01729852595267
46.900000000000006 -0.01770662819317303
47.0 -0.017937811657802963
47.1 -0.017989766437800342
47.2 -0.017861973418177374
47.300000000000004 -0.017555709464543382
47.400000000000006 -0.017074034665085665
47.5 -0.01642176175517995
47.6 -0.015605408030129149
47.7 -0.014633130226503357
47.800000000000004 -0.01351464302272409
47.900000000000006 -0.012261121973208793
48.0 -0.010885091845925359
48.1 -0.009400301479050327
48.2 -0.007821586407123157
48.300000000000004 -0.006164720629288732
48.400000000000006 -0.004446259000712161
48.5 -0.0026833718219384196
48.6 -8.936732789245393E-4
48.7 9.049545520832456E-4
48.800000000000004 0.0026945403763448173
48.900000000000006 0.004457203243862579
49.0 0.0061753312099230495
49.1 0.007831757307827193
49.2 0.009409931075546297
49.300000000000004 0.0108940839224682
49.400000000000006 0.012269386683942164
49.5 0.013522097789390107
49.6 0.014639700563537809
49.7 0.015611028288896251
49.800000000000004 0.01642637577991191
49.900000000000006 0.017077596353972598
50.0 0.017558183230367185
50.1 0.0178633345438877
50.2 0.017990001323479013
50.300000000000004 0.017936917956549926
50.400000000000006 0.017704614834555762
50.5 0.01729541305350232
50.6 0.016713401222321705
50.7 0.015964394610843563
50.800000000000004 0.015055877045541115
50.900000000000006 0.013996926133610886
51.0 0.012798122562522336
51.1 0.01147144438128584
51.2 0.010030147319746895
51.300000000000004 0.00848863234171493
51.400000000000006 0.006862301755293337
51.5 0.005167405318108345
51.6 0.003420877875101795
51.7 0.001640170151159109
51.800000000000004 -1.569256107657902E-4
51.900000000000006 -0.0019524534238606278
52.0 -0.003728472967739419
52.1 -0.0054672388421939866
52.2 -0.007151377873366234
52.300000000000004 -0.008764062700759037
52.400000000000006 -0.010289179910659816
52.5 -0.011711491036043867
52.6 -0.013016784814300103
52.7 -0.01419201918146884
52.800000000000004 -0.01522545158423416
52.900000000000006 -0.01610675630763497
53.0 -0.0168271276461956
53.1 -0.01737936788762438
53.2 -0.017757959229975237
53.300000000000004 -0.01795911891370106
53.400000000000006 -0.017980837017736614
53.5 -0.017822896541965446
53.6 -0.017486875575413254
53.7 -0.016976131528504076
53.800000000000004 -0.016295767586925084
53.900000000000006 -0.015452581722282126
54.0 -0.014454998769014595
54.1 -0.01331298624623432
54.2 -0.012037954765569835
54.300000000000004 -0.010642644020106567
54.400000000000006 -0.009140995493584778
54.5 -0.007548013161702581
54.6 -0.005879613577349965
54.7 -0.0041524668376743176
54.800000000000004 -0.0023838300219796685
54.900000000000006 -5.913747646948375E-4
55.0 0.0012069893137561902
55.1 0.002993293553961915
55.2 0.004749689794427749
55.300000000000004 0.006458628704506365
55.400000000000006 0.008103035131508356
55.5 0.009666478709983502
55.6 0.011133338028501638
55.7 0.012488956713631242
55.800000000000004 0.01371978987157846
55.900000000000006 0.014813539424288428
56.0 0.015759276987775944
56.1 0.01654755306492604
56.2 0.0171704914617452
56.300000000000004 0.01762186798368846
56.400000000000006 0.017897172625753795
56.5 0.017993654634961314
56.6 0.017910349994967732
56.7 0.017648091058199006
56.800000000000004 0.01720949822926005
56.900000000000006 0.016598953782718102
57.0 0.015822558076863915
57.1 0.014888068600947971
57.2 0.013804822464912526
57.300000000000004 0.012583643106075274
57.400000000000006 0.011236732144921494
57.5 0.009777547470545574
57.6 0.008220668773871344
57.7 0.0065816518722004004
57.800000000000004 0.004876873280627284
57.900000000000006 0.0031233665833141143
58.0 0.0013386522395483211
58.1 -4.5943747489556616E-4
58.2 -0.002252936641960134
58.300000000000004 -0.004023925210820077
58.400000000000006 -0.005754708049106334
58.5 -0.007427991746819372
58.6 -0.009027057406365934
58.7 -0.010535927692256537
58.800000000000004 -0.011939526471360765
58.900000000000006 -0.013223829448645886
59.0 -0.014376004293296902
59.1 -0.015384538855124592
59.2 -0.01623935619016429
59.300000000000004 -0.016931915246169327
59.400000000000006 -0.017455296201981687
59.5 -0.01780426960809761
59.6 -0.017975348637598507
59.7 -0.01796682392537279
59.800000000000004 -0.017778780647527116
59.900000000000006 -0.017413097670334877
60.0 -0.016873428777225502
60.1 -0.016165166161388047
60.2 -0.015295386548759497
60.300000000000004 -0.01427278048971832
60.400000000000006 -0.01310756552597784
60.5 -0.011811384100286985
60.6 -0.01039718722899046
60.7 -0.008879105099755022
60.800000000000004 -0.00727230588740475
60.900000000000006 -0.005592844198532248
61.0 -0.0038575006591766298
61.1 -0.0020836142483545827
61.2 -2.8890905271427485E-4
61.300000000000004 0.0015086828266801186
61.400000000000006 0.0032912004459745613
61.5 0.005040833478338927
61.6 0.006740100168865866
61.7 0.008372022006486395
61.800000000000004 0.009920293367640646
61.900000000000006 0.011369444436678436
62.0 0.012704995775143502
62.1 0.013913602995536664
62.2 0.014983190094024093
62.300000000000004 0.015903070109876186
62.400000000000006 0.016664051906046452
62.5 0.01725853200397466
62.6 0.017680570555031395
62.7 0.017925950689521842
62.800000000000004 0.01799222065025406
62.900000000000006 0.017878718289686346
63.0 0.01758657768588664
63.1 0.017118717811199214
63.2 0.01647981336683805
63.300000000000004 0.01567624807481747
63.400000000000006 0.01471605089391197
63.5 0.013608815796954265
63.6 0.012365605911029727
63.7 0.010998842978368045
63.800000000000004 0.009522183242400612
63.900000000000006 0.007950380999090402
64.0 0.006299141176883951
64.10000000000001 0.004584962418257071
64.2 0.0028249722307342835
64.3 0.0010367558544936695
64.4 -7.618194435393781E-4
64.5 -0.002552782893516353
64.60000000000001 -0.004318239780659397
64.7 -0.006040550243334136
64.8 -0.0077025055247179255
64.9 -0.009287499917008774
65.0 -0.010779696680167952
65.10000000000001 -0.01216418627739306
65.2 -0.013427135346279657
65.3 -0.014555924917207082
65.4 -0.015539276497910988
65.5 -0.01636736476444952
65.60000000000001 -0.017031915732593238
65.7 -0.017526289428739614
65.8 -0.01784554623433508
65.9 -0.017986496240910393
66.0 -0.017947731122591695
66.10000000000001 -0.01772963820762718
66.2 -0.017334396608331287
66.3 -0.016765955448114662
66.4 -0.016029994403148416
66.5 -0.015133866952917678
66.60000000000001 -0.014086526906684549
66.7 -0.012898438939986696
66.8 -0.011581474035057555
66.9 -0.010148790869896254
67.0 -0.008614704341107393
67.10000000000001 -0.00699454253418461
67.2 -0.005304493570348852
67.3 -0.003561443860190623
67.4 -0.00178280938023794
67.5 1.3638341723399205E-5
67.60000000000001 0.0018099497938827286
67.7 0.0035881768259911863
67.8 0.005330551981347906
67.9 0.007019666023353456
68.0 0.008638641882846507
68.10000000000001 0.010171303288201722
68.2 0.011602336393286873
68.3 0.01291744278835282
68.4 0.0141034823650166
68.5 0.015148604607880421
68.60000000000001 0.016042367000965355
68.7 0.016775839365878016
68.8 0.017341693089202068
68.9 0.017734274347580466
69.0 0.0179496605988495
69.10000000000001 0.01798569977478378
69.2 0.01784203178385032
69.3 0.017520092109124225
69.4 0.01702309746541617
69.5 0.016356013658921635
69.60000000000001 0.015525505970526338
69.7 0.014539872558523622
69.8 0.013408961546159016
69.9 0.012144072622438395
70.0 0.010757844139371253
70.10000000000001 0.009264126833733786
70.2 0.007677845435087057
70.3 0.006014849542811215
70.4 0.004291755262148279
70.5 0.002525779181571877
70.60000000000001 7.345663503245491E-4
70.7 -0.0010639860250796155
70.8 -0.002851907403828205
70.9 -0.004611333466513245
71.0 -0.0063246846095048204
71.10000000000001 -0.00797484159454123
71.2 -0.009545316598496905
71.3 -0.011020417954262573
71.4 -0.012385406936695292
71.5 -0.013626645027087578
71.60000000000001 -0.014731730184739347
71.7 -0.015689620764047608
71.8 -0.016490745838980612
71.9 -0.017127100832606452
72.0 -0.01759232749617963
72.10000000000001 -0.017881777438661345
72.2 -0.017992558571905667
72.3 -0.017923564007448645
72.4 -0.017675483116171717
72.5 -0.01725079464033595
72.60000000000001 -0.01665374192680844
72.7 -0.015890290528943515
72.8 -0.014968068600745104
72.9 -0.013896290678873558
73.0 -0.012685665614041842
73.10000000000001 -0.011348289571717976
73.2 -0.009897525171239485
73.3 -0.008347867970936824
73.4 -0.0067148016333066106
73.5 -0.0050146432173749445
73.60000000000001 -0.0032643801440356843
73.7 -0.00148150046335808
73.8 3.161818802304528E-4
73.9 0.002110705038987811
74.0 0.0038841387307016737
74.10000000000001 0.005618763392144175
74.2 0.007297247227088369
74.3 0.008902819379888738
74.4 0.010419437504326294
74.5 0.011831948053428533
74.60000000000001 0.013126237688703133
74.7 0.01428937429594934
74.8 0.015309736198669582
74.9 0.01617712827801879
75.0 0.01688288383906157
75.10000000000001 0.017419951205523948
75.2 0.017782964177810952
75.3 0.017968295650299716
75.4 0.017974093852179553
75.5 0.017800300849733917
75.60000000000001 0.017448653125194856
75.7 0.016922664226386788
75.8 0.016227589660517752
75.9 0.01537037438288867
76.0 0.014359583405196162
76.10000000000001 0.013205316216765966
76.2 0.011919105873795204
76.3 0.010513803764866067
76.4 0.009003451204119639
76.5 0.007403139135087146
76.60000000000001 0.0057288573469690685
76.7 0.00399733470994878
76.80000000000001 0.0022258720258496135
76.9 4.321691642438771E-4
77.0 -0.0013658517887948512
77.10000000000001 -0.0031502256022507688
77.2 -0.004903123402814882
77.30000000000001 -0.006607030815095423
77.4 -0.008244922959465313
77.5 -0.009800434559033412
77.60000000000001 -0.011258023456080811
77.7 -0.012603125904162632
77.80000000000001 -0.013822302084249775
77.9 -0.014903370390956523
78.0 -0.015835529147116126
78.10000000000001 -0.016609464530567844
78.2 -0.017217443634789047
78.30000000000001 -0.017653391733541683
78.4 -0.01791295297752819
78.5 -0.01799353391659826
78.60000000000001 -0.017894329412645203
78.7 -0.01761633068427989
78.80000000000001 -0.017162315402901904
78.9 -0.016536819939125414
79.0 -0.015746094036863105
79.10000000000001 -0.014798038367951002
79.2 -0.01370212559124761
79.30000000000001 -0.012469305704956832
79.4 -0.011111896637866768
79.5 -0.009643461172675826
79.60000000000001 -0.00807867143115174
79.7 -0.006433162275141541
79.80000000000001 -0.004723375088198608
79.9 -0.002966393498714859
80.0 -0.0011797726859512758
80.10000000000001 6.186360255095861E-4
80.2 0.002410863530297184
80.30000000000001 0.004179002483615832
80.4 0.005905386225512503
80.5 0.007572765300305012
80.60000000000001 0.009164479807440501
80.7 0.010664625861714084
80.80000000000001 0.012058214499634234
80.9 0.013331321444189623
81.0 0.01447122623162366
81.10000000000001 0.015466539310102863
81.2 0.016307315840353553
81.30000000000001 0.016985155061209466
81.4 0.01749328422723948
81.5 0.017826626279781897
81.60000000000001 0.017981850575235957
81.7 0.01795740616375177
81.80000000000001 0.017753537285808637
81.9 0.01737228093184492
82.0 0.01681744648932282
82.10000000000001 0.016094577680588022
82.2 0.015210897171828948
82.30000000000001 0.014175234406582925
82.4 0.012997937384855992
82.5 0.011690769269326457
82.60000000000001 0.010266790851712143
82.7 0.008740230053657573
82.80000000000001 0.007126339766042566
82.9 0.00544124544714023
83.0 0.0037017840023666846
83.10000000000001 0.001925335555488345
83.2 1.2964979217113725E-4
83.30000000000001 -0.0016673313890131754
83.4 -0.0034476531461046954
83.5 -0.005193527092602953
83.60000000000001 -0.006887509033143972
83.7 -0.00851267326013337
83.80000000000001 -0.010052781669823398
83.9 -0.011492446008076153
84.0 -0.012817281624713798
84.10000000000001 -0.014014051200187486
84.2 -0.015070797008498164
84.30000000000001 -0.01597696039484322
84.4 -0.01672348727420382
84.5 -0.01730291859677052
84.60000000000001 -0.0177094648763028
84.7 -0.0179390640367618
84.80000000000001 -0.017989421999231668
84.9 -0.017860035603597516
85.0 -0.017552197635955093
85.10000000000001 -0.017068983911519287
85.2 -0.016415222542095577
85.30000000000001 -0.015597445695182293
85.4 -0.014623824326712933
85.5 -0.013504086539564704
85.60000000000001 -0.012249420383570497
85.7 -0.010872362068223868
85.80000000000001 -0.00938667070501642
85.9 -0.007807190830945467
86.0 -0.00614970408680589
86.10000000000001 -0.004430771532252611
86.2 -0.0026675681731676494
86.30000000000001 -8.777113546769481E-4
86.4 9.209152655366322E-4
86.5 0.002710340404831085
86.60000000000001 0.004472684718720138
86.7 0.0061903394453724945
86.80000000000001 0.00784614234654109
86.9 0.009423549186972649
87.0 0.0109067990389392
87.10000000000001 0.012281071760217293
87.2 0.013532636072049697
87.30000000000001 0.014648986757545088
87.4 0.015618969609670161
87.5 0.016432892880400347
87.60000000000001 0.01708262411746186
87.7 0.01756167142110639
87.80000000000001 0.017865248309028036
87.9 0.017990321541311777
88.0 0.017935641427564413
88.10000000000001 0.017701754313407602
88.2 0.01729099712157328
88.30000000000001 0.016707474002143854
88.4 0.015957015325241738
88.5 0.015047119425897804
88.60000000000001 0.013986877683166537
88.7 0.01278688368207229
88.80000000000001 0.011459127366008374
88.9 0.010016875237187391
89.0 0.008474537802135168
89.10000000000001 0.00684752558667354
89.2 0.005152095159041125
89.30000000000001 0.003405186699635557
89.4 0.0016242547403325501
89.5 -1.729062354286242E-4
89.60000000000001 -0.0019683395892408522
89.7 -0.0037441059445236955
89.80000000000001 -0.005482462430845982
89.9 -0.007166039964820147
90.0 -0.008778016796243713
90.10000000000001 -0.010302286585466003
90.2 -0.01172361933260928
90.30000000000001 -0.013027813550694633
90.4 -0.014201838162203873
90.5 -0.015233962701299933
90.60000000000001 -0.016113874520763294
90.7 -0.016832781832553812
90.80000000000001 -0.017383501552451434
90.9 -0.01776053107105853
91.0 -0.017960103234054645
91.10000000000001 -0.017980223982356908
91.2 -0.017820692276099316
91.30000000000001 -0.017483102103356567
91.4 -0.016970826553542342
91.5 -0.016288984114614553
91.60000000000001 -0.015444387530835697
91.7 -0.014445475732084616
91.80000000000001 -0.013302229514857811
91.9 -0.012026071817451179
92.0 -0.010629753585735405
92.10000000000001 -0.009127226369920126
92.2 -0.007533502925276734
92.30000000000001 -0.005864507209648724
92.4 -0.004136915276530491
92.5 -0.002367988653451549
92.60000000000001 -5.754018705000459E-4
92.7 0.0012229341377386696
92.80000000000001 0.0030090509923216334
92.9 0.004765102404049083
93.0 0.006473542487688715
93.10000000000001 0.008117301074660242
93.2 0.009679954272516524
93.30000000000001 0.0111458885670495
93.4 0.012500456827361228
93.5 0.01373012465515563
93.60000000000001 0.014822605615971665
93.7 0.015766984001174756
93.80000000000001 0.016553823894110198
93.9 0.01717526345066225
94.0 0.017625093452202575
94.10000000000001 0.01789881934604984
94.2 0.017993706153554393
94.30000000000001 0.017908805797101086
94.4 0.017644966572987295
94.5 0.017204824675526715
94.60000000000001 0.016592777857067104
94.7 0.015814941487102906
94.80000000000001 0.01487908744952406
94.9 0.01379456648852211
95.0 0.012572214779044293
95.10000000000001 0.011224245655315754
95.2 0.009764127579241822
95.30000000000001 0.00820644956798735
95.4 0.006566775425341337
95.5 0.004861488233332678
95.60000000000001 0.0031076266578906647
95.7 0.0013227147041280584
95.80000000000001 -4.7541337772710073E-4
95.9 -0.002268791286262525
96.0 -0.004039500182228306
96.10000000000001 -0.005769847727654738
96.2 -0.007442544861844286
96.30000000000001 -0.009040878547952757
96.4 -0.010548878764126978
96.5 -0.011951478070685764
96.60000000000001 -0.013234662158995849
96.7 -0.014385609877810734
96.80000000000001 -0.015392821337977085
96.9 -0.016246232815524477
97.0 -0.01693731730506974
97.10000000000001 -0.017459169718835557
97.2 -0.017806575880004907
97.30000000000001 -0.017976064621052695
97.4 -0.01796594246650385
97.5 -0.017776310553580726
97.60000000000001 -0.017409063621673205
97.7 -0.016867871080729315
97.80000000000001 -0.016158140347723546
97.9 -0.015286962817534507
98.0 -0.014263043008070747
98.10000000000001 -0.013096611587605365
98.2 -0.011799323153321014
98.30000000000001 -0.01038413978242616
98.4 -0.008865201519365751
98.5 -0.007257685093169861
98.60000000000001 -0.005577652276594511
98.7 -0.003841889402198381
98.80000000000001 -0.0020677396388550273
98.9 -2.729297045443366E-4
99.0 0.0015246072531555955
99.10000000000001 0.0033069108391504034
99.2 0.005056172865159559
99.30000000000001 0.006754915283248822
99.4 0.00838616482070575
99.5 0.009933622571371724
99.60000000000001 0.011381826848923818
99.7 0.012716307674933005
99.80000000000001 0.013923731358106895
99.9 0.014992033720124077
100.0 0.015910540636917263
