0.01 0.009131482294196736
0.02 0.009223255216979535
0.03 0.009315950472970104
0.04 0.00940957733177129
0.05 0.009504145156146991
0.06 0.009599663402958463
0.07 0.009696141624109967
0.08 0.009793589467504013
0.09 0.009892016678006193
0.1 0.009991433098419532
0.11 0.010091848670468919
0.12 0.010193273435795288
0.13 0.010295717536959643
0.14 0.010399191218457487
0.15 0.010503704827743196
0.16 0.010609268816264799
0.17 0.010715893740509113
0.18 0.010823590263057422
0.19 0.010932369153651722
0.2 0.011042241290271726
0.21 0.011153217660222656
0.22 0.01126530936123399
0.23 0.011378527602569233
0.24 0.011492883706146874
0.25 0.011608389107672562
0.26 0.011725055357782708
0.27 0.011842894123199544
0.28 0.011961917187897811
0.29 0.012082136454283165
0.3 0.012203563944382429
0.31 0.012326211801045801
0.32 0.012450092289161156
0.33 0.012575217796880537
0.34 0.01270160083685899
0.35000000000000003 0.012829254047505831
0.36 0.012958190194248504
0.37 0.013088422170809128
0.38 0.013219963000493893
0.39 0.013352825837495374
0.4 0.013487023968208
0.41000000000000003 0.013622570812556668
0.42 0.013759479925338776
0.43 0.013897764997579685
0.44 0.014037439857901866
0.45 0.014178518473907739
0.46 0.014321014953576475
0.47000000000000003 0.014464943546674788
0.48 0.014610318646181928
0.49 0.014757154789728992
0.5 0.014905466661052701
0.51 0.015055269091463775
0.52 0.0152065770613301
0.53 0.015359405701574742
0.54 0.015513770295189092
0.55 0.015669686278761148
0.56 0.015827169244019192
0.5700000000000001 0.01598623493939099
0.58 0.016146899271578634
0.59 0.01630917830714923
0.6 0.01647308827414157
0.61 0.016638645563688943
0.62 0.016805866731658264
0.63 0.016974768500305697
0.64 0.01714536775994884
0.65 0.017317681570655837
0.66 0.017491727163951344
0.67 0.017667521944539733
0.68 0.01784508349204557
0.6900000000000001 0.018024429562771553
0.7000000000000001 0.018205578091474224
0.71 0.01838854719315741
0.72 0.018573355164883752
0.73 0.018760020487604428
0.74 0.01894856182800727
0.75 0.01913899804038343
0.76 0.01933134816851285
0.77 0.01952563144756863
0.78 0.01972186730604058
0.79 0.01992007536767808
0.8 0.020120275453452467
0.81 0.020322487583539148
0.8200000000000001 0.020526731979319646
0.8300000000000001 0.02073302906540375
0.84 0.020941399471671965
0.85 0.02115186403533858
0.86 0.021364443803035333
0.87 0.021579160032916156
0.88 0.02179603419678297
0.89 0.022015087982232878
0.9 0.02223634329482698
0.91 0.02245982226028091
0.92 0.02268554722667745
0.93 0.022913540766701344
0.9400000000000001 0.02314382567989659
0.9500000000000001 0.02337642499494641
0.96 0.023611361971976143
0.97 0.023848660104879276
0.98 0.024088343123666846
0.99 0.02433043499684047
1.0 0.0245749599337889
1.01 0.02482194238721021
1.02 0.025071407055555266
1.03 0.025323378885498786
1.04 0.025577883074433747
1.05 0.02583494507299112
1.06 0.02609459058758499
1.07 0.026356845582983172
1.08 0.02662173628490377
1.09 0.026889289182637714
1.1 0.02715953103169774
1.11 0.027432488856493943
1.12 0.027708189953036286
1.1300000000000001 0.02798666189166417
1.1400000000000001 0.028267932519803515
1.1500000000000001 0.028552029964751525
1.16 0.028838982636489447
1.17 0.029128819230523587
1.18 0.029421568730754882
1.19 0.029717260412377298
1.2 0.030015923844805423
1.21 0.030317588894631382
1.22 0.03062228572861155
1.23 0.03093004481668323
1.24 0.0312408969350117
1.25 0.03155487316906784
1.26 0.0318720049167367
1.27 0.03219232389145733
1.28 0.03251586212539414
1.29 0.03284265197264012
1.3 0.03317272611245234
1.31 0.033506117552519823
1.32 0.03384285963226443
1.33 0.03418298602617473
1.34 0.03452653074717357
1.35 0.03487352815001933
1.36 0.035224012934741464
1.37 0.035578020150110516
1.3800000000000001 0.03593558519714302
1.3900000000000001 0.03629674383264166
1.4000000000000001 0.03666153217277096
1.41 0.037029986696668904
1.42 0.03740214425009494
1.43 0.03777804204911456
1.44 0.038157717683820876
1.45 0.03854120912209379
1.46 0.03892855471339671
1.47 0.039319793192611516
1.48 0.0397149636839122
1.49 0.04011410570467718
1.5 0.04051725916944117
1.51 0.0409244643938866
1.52 0.04133576209887524
1.53 0.041751193414520354
1.54 0.042170799884299705
1.55 0.04259462346920994
1.56 0.043022706551962726
1.57 0.04345509194122308
1.58 0.04389182287589026
1.59 0.04433294302942166
1.6 0.04477849651420025
1.61 0.04522852788594581
1.62 0.04568308214817051
1.6300000000000001 0.0461422047566794
1.6400000000000001 0.04660594162411593
1.6500000000000001 0.04707433912455327
1.6600000000000001 0.04754744409813182
1.67 0.048025303855743176
1.68 0.04850796618376133
1.69 0.048995479348821314
1.7 0.049487892102645877
1.71 0.04998525368692074
1.72 0.05048761383821883
1.73 0.05099502279297388
1.74 0.05150753129250424
1.75 0.05202519058808692
1.76 0.05254805244608288
1.77 0.05307616915311363
1.78 0.053609593521289994
1.79 0.05414837889349329
1.8 0.054692579148709744
1.81 0.05524224870741837
1.82 0.05579744253703308
1.83 0.05635821615739953
1.84 0.05692462564634705
1.85 0.057496727645296564
1.86 0.058074579364924696
1.87 0.05865823859088496
1.8800000000000001 0.05924776368958636
1.8900000000000001 0.05984321361403001
1.9000000000000001 0.06044464790970457
1.9100000000000001 0.061052126720540806
1.92 0.06166571079492604
1.93 0.062285461491779034
1.94 0.06291144078668592
1.95 0.06354371127809785
1.96 0.06418233619359089
1.97 0.06482737939618873
1.98 0.06547890539074917
1.99 0.06613697933041462
2.0 0.06680166702312747
2.0100000000000002 0.06747303493821087
2.02 0.0681511502130158
2.0300000000000002 0.06883608065963484
2.04 0.06952789477168343
2.05 0.07022666173114929
2.06 0.07093245141531071
2.07 0.0716453344037242
2.08 0.07236538198528274
2.09 0.07309266616534446
2.1 0.07382725967293352
2.11 0.07456923596801274
2.12 0.07531866924883003
2.13 0.07607563445933795
2.14 0.07684020729668839
2.15 0.07761246421880222
2.16 0.07839248245201519
2.17 0.07918033999880067
2.18 0.07997611564556985
2.19 0.08077988897055055
2.2 0.08159174035174517
2.21 0.08241175097496825
2.22 0.08324000284196555
2.23 0.0840765787786139
2.24 0.08492156244320422
2.25 0.08577503833480701
2.2600000000000002 0.08663709180172276
2.27 0.08750780905001646
2.2800000000000002 0.08838727715213861
2.29 0.08927558405563224
2.3000000000000003 0.09017281859192808
2.31 0.09107907048522731
2.32 0.09199443036147455
2.33 0.09291898975742023
2.34 0.09385284112977439
2.35 0.09479607786445253
2.36 0.09574879428591405
2.37 0.09671108566659518
2.38 0.09768304823643571
2.39 0.09866477919250276
2.4 0.09965637670870994
2.41 0.1006579399456353
2.42 0.10166956906043706
2.43 0.10269136521686985
2.44 0.10372343059540068
2.45 0.10476586840342758
2.46 0.10581878288559998
2.47 0.10688227933424359
2.48 0.10795646409988945
2.49 0.10904144460190936
2.5 0.11013732933925756
2.5100000000000002 0.11124422790132116
2.52 0.1123622509788787
2.5300000000000002 0.11349151037516968
2.54 0.1146321190170747
2.5500000000000003 0.11578419096640856
2.56 0.11694784143132617
2.57 0.11812318677784377
2.58 0.11931034454147552
2.59 0.12050943343898698
2.6 0.12172057338026725
2.61 0.12294388548031965
2.62 0.12417949207137371
2.63 0.12542751671511812
2.64 0.12668808421505737
2.65 0.12796132062899182
2.66 0.129247353281624
2.67 0.1305463107772908
2.68 0.13185832301282435
2.69 0.1331835211905414
2.7 0.1345220378313642
2.71 0.13587400678807215
2.72 0.13723956325868772
2.73 0.13861884379999573
2.74 0.14001198634119993
2.75 0.1414191301977152
2.7600000000000002 0.1428404160851
2.77 0.1442759861331273
2.7800000000000002 0.14572598389999838
2.79 0.14719055438669812
2.8000000000000003 0.1486698440514958
2.81 0.1501640008245905
2.82 0.15167317412290476
2.83 0.1531975148650261
2.84 0.15473717548629892
2.85 0.15629230995406845
2.86 0.1578630737830774
2.87 0.15944962405101773
2.88 0.16105211941423822
2.89 0.16267072012361072
2.9 0.1643055880405549
2.91 0.16595688665322503
2.92 0.16762478109285822
2.93 0.1693094381502886
2.94 0.17101102629262555
2.95 0.17272971568010154
2.96 0.17446567818308736
2.97 0.1762190873992802
2.98 0.17799011867106249
2.99 0.1797789491030376
3.0 0.18158575757973924
3.0100000000000002 0.18341072478352086
3.02 0.18525403321262363
3.0300000000000002 0.18711586719942655
3.04 0.18899641292887973
3.0500000000000003 0.19089585845712342
3.06 0.1928143937302932
3.0700000000000003 0.19475221060351522
3.08 0.1967095028600916
3.09 0.19868646623087913
3.1 0.2006832984138624
3.11 0.20270019909392362
3.12 0.20473736996281175
3.13 0.2067950147393111
3.14 0.2088733391896142
3.15 0.21097255114789792
3.16 0.21309286053710752
3.17 0.21523447938994872
3.18 0.2173976218700917
3.19 0.21958250429358686
3.2 0.2217893451504975
3.21 0.22401836512674816
3.22 0.22626978712619425
3.23 0.22854383629291156
3.24 0.23084074003371208
3.25 0.2331607280408839
3.2600000000000002 0.23550403231516107
3.27 0.2378708871889237
3.2800000000000002 0.24026152934963174
3.29 0.24267619786349323
3.3000000000000003 0.24511513419937203
3.31 0.24757858225293397
3.3200000000000003 0.2500667883710374
3.33 0.2525800013763676
3.34 0.25511847259231946
3.35 0.25768245586813004
3.36 0.26027220760426345
3.37 0.26288798677805164
3.38 0.2655300549695916
3.39 0.26819867638790434
3.4 0.2708941178973555
3.41 0.27361664904434224
3.42 0.276366542084248
3.43 0.27914407200866853
3.44 0.2819495165729107
3.45 0.2847831563237689
3.46 0.2876452746275795
3.47 0.2905361576985581
3.48 0.2934560946274207
3.49 0.2964053774102938
3.5 0.29938430097791313
3.5100000000000002 0.302393163225118
3.52 0.30543226504064047
3.5300000000000002 0.308501910337195
3.54 0.3116024060818686
3.5500000000000003 0.31473406232682033
3.56 0.3178971922402838
3.5700000000000003 0.3210921121378866
3.58 0.3243191415142807
3.59 0.3275786030750931
3.6 0.3308708227691962
3.61 0.33419612982130276
3.62 0.3375548567648892
3.63 0.34094733947544875
3.64 0.34437391720407967
3.65 0.34783493261140996
3.66 0.3513307318018651
3.67 0.3548616643582768
3.68 0.35842808337684356
3.69 0.36203034550243884
3.7 0.36566881096427756
3.71 0.36934384361193756
3.72 0.3730558109517464
3.73 0.37680508418353126
3.74 0.3805920382377398
3.75 0.3844170518129331
3.7600000000000002 0.3882805074136564
3.77 0.39218279138868917
3.7800000000000002 0.396124293969681
3.79 0.40010540931017424
3.8000000000000003 0.40412653552502115
3.81 0.4081880747301934
3.8200000000000003 0.41229043308299684
3.83 0.4164340208226849
3.84 0.4206192523114847
3.85 0.42484654607603306
3.86 0.4291163248492288
3.87 0.4334290156125078
3.88 0.4377850496385399
3.89 0.4421848625343581
3.9 0.44662889428491825
3.91 0.45111758929709894
3.92 0.4556513964441419
3.93 0.46023076911054017
3.94 0.46485616523737605
3.95 0.4695280473681175
3.96 0.4742468826948701
3.97 0.47901314310509946
3.98 0.4838273052288182
3.99 0.4886898504862507
4.0 0.49360126513599895
4.01 0.4985620403235724
4.0200000000000005 0.5035726721306484
4.03 0.5086336616245822
4.04 0.5137455149085414
4.05 0.5189087431721141
4.0600000000000005 0.5241238627424298
4.07 0.5293913951357907
4.08 0.5347118671098261
4.09 0.5400858107161672
4.1 0.5455137633536529
4.11 0.5509962678220708
4.12 0.5565338723764355
4.13 0.5621271307818176
4.14 0.5677766023687187
4.15 0.5734828520890061
4.16 0.5792464505724056
4.17 0.5850679741835696
4.18 0.5909480050797099
4.19 0.5968871312688173
4.2 0.6028859466684584
4.21 0.6089450511651733
4.22 0.6150650506744604
4.23 0.6212465572013713
4.24 0.6274901889017092
4.25 0.6337965701438474
4.26 0.6401663315711656
4.2700000000000005 0.6466001101651152
4.28 0.6530985493089159
4.29 0.6596622988518981
4.3 0.6662920151744861
4.3100000000000005 0.672988361253837
4.32 0.6797520067301385
4.33 0.6865836279735746
4.34 0.6934839081519634
4.3500000000000005 0.7004535372990729
4.36 0.7074932123836248
4.37 0.714603637378995
4.38 0.721785523333608
4.39 0.7290395884420442
4.4 0.7363665581168605
4.41 0.7437671650611285
4.42 0.7512421493417106
4.43 0.7587922584632643
4.44 0.7664182474429938
4.45 0.7741208788861509
4.46 0.7819009230622997
4.47 0.7897591579823408
4.48 0.7976963694763157
4.49 0.8057133512719867
4.5 0.8138109050742152
4.51 0.8219898406451288
4.5200000000000005 0.8302509758851017
4.53 0.8385951369145404
4.54 0.847023158156502
4.55 0.8555358824201343
4.5600000000000005 0.8641341609849584
4.57 0.8728188536859945
4.58 0.8815908289997506
4.59 0.8904509641310682
4.6000000000000005 0.8994001451008445
4.61 0.9084392668346327
4.62 0.9175692332521397
4.63 0.9267909573576156
4.64 0.9361053613311555
4.65 0.9455133766209197
4.66 0.9550159440362757
4.67 0.9646140138418846
4.68 0.9743085458527253
4.69 0.9841005095300784
4.7 0.9939908840784706
4.71 1.003980658543599
4.72 1.0140708319112348
4.73 1.024262413207125
4.74 1.0345564215978893
4.75 1.044953886492947
4.76 1.0554558476474518
4.7700000000000005 1.0660633552662715
4.78 1.076777470109006
4.79 1.0875992635960694
4.8 1.0985298179158276
4.8100000000000005 1.109570226132823
4.82 1.120721592297076
4.83 1.1319850315544964
4.84 1.1433616702583957
4.8500000000000005 1.154852646082127
4.86 1.1664591081328457
4.87 1.1781822170664302
4.88 1.190023145203543
4.89 1.2019830766468658
4.9 1.2140632073995097
4.91 1.2262647454846156
4.92 1.2385889110661605
4.93 1.2510369365709733
4.94 1.263610066811978
4.95 1.2763095591126747
4.96 1.2891366834328777
4.97 1.3020927224957082
4.98 1.3151789719158702
4.99 1.328396740329209
5.0 1.3417473495235814
5.01 1.3552321345710328
5.0200000000000005 1.3688524439613061
5.03 1.3826096397366887
5.04 1.3965050976282236
5.05 1.410540207193279
5.0600000000000005 1.4247163719545097
5.07 1.439035009540202
5.08 1.453497551826048
5.09 1.4681054450783289
5.1000000000000005 1.4828601500985439
5.11 1.4977631423694886
5.12 1.51281591220281
5.13 1.5280199648880362
5.14 1.5433768208431053
5.15 1.5588880157664116
5.16 1.5745551007903709
5.17 1.5903796426365426
5.18 1.6063632237722993
5.19 1.6225074425690749
5.2 1.6388139134621997
5.21 1.6552842671123538
5.22 1.6719201505686274
5.23 1.6887232274332307
5.24 1.70569517802785
5.25 1.7228376995616892
5.26 1.7401525063011876
5.2700000000000005 1.7576413297414495
5.28 1.7753059187793898
5.29 1.793148039888635
5.3 1.811169477296164
5.3100000000000005 1.8293720331607368
5.32 1.8477575277531058
5.33 1.8663277996380534
5.34 1.8850847058582432
5.3500000000000005 1.9040301221199296
5.36 1.9231659429805235
5.37 1.942494082038059
5.38 1.9620164721225488
5.39 1.98173506548927
5.4 2.0016518340139933
5.41 2.0217687693901647
5.42 2.042087883328088
5.43 2.06261120775609
5.44 2.083340795023718
5.45 2.1042787181069693
5.46 2.1254270708156033
5.47 2.1467879680025135
5.48 2.1683635457752213
5.49 2.1901559617094812
5.5 2.212167395065048
5.51 2.2344000470036
5.5200000000000005 2.2568561408088605
5.53 2.2795379221089203
5.54 2.302447659100811
5.55 2.3255876427773257
5.5600000000000005 2.348960187156116
5.57 2.372567629511093
5.58 2.396412330606167
5.59 2.4204966749313197
5.6000000000000005 2.4448230709410543
5.61 2.46939395129524
5.62 2.4942117731023905
5.63 2.5192790181653684
5.64 2.5445981932295685
5.65 2.5701718302335994
5.66 2.596002486562469
5.67 2.6220927453033367
5.68 2.64844521550382
5.69 2.6750625324329
5.7 2.7019473578444475
5.71 2.7291023802434102
5.72 2.7565303151546567
5.73 2.784233905394538
5.74 2.8122159213451576
5.75 2.8404791612314337
5.76 2.8690264514009067
5.7700000000000005 2.897860646606385
5.78 2.926984630291414
5.79 2.9564013148786343
5.8 2.9861136420610173
5.8100000000000005 3.0161245830960466
5.82 3.046437139102828
5.83 3.077054341362226
5.84 3.1079792516199802
5.8500000000000005 3.1392149623928907
5.86 3.1707645972780587
5.87 3.202631311265268
5.88 3.2348182910524708
5.89 3.2673287553644705
5.9 3.3001659552747933
5.91 3.333333174530787
5.92 3.366833729882021
5.93 3.4006709714119467
5.94 3.4348482828729194
5.95 3.469369082024559
5.96 3.5042368209755526
5.97 3.53945498652885
5.98 3.5750271005303587
5.99 3.610956720221117
6.0 3.6472474385930376
6.01 3.683902884748201
6.0200000000000005 3.720926724261772
6.03 3.7583226595485484
6.04 3.7960944302332247
6.05 3.834245813524348
6.0600000000000005 3.872780624592042
6.07 3.91170271694952
6.08 3.9510159828384555
6.09 3.9907243536181998
6.1000000000000005 4.030831800158924
6.11 4.071342333238698
6.12 4.112260003944593
6.13 4.153588904077777
6.140000000000001 4.195333166562709
6.15 4.237496965860414
6.16 4.280084518385966
6.17 4.323100082930105
6.18 4.366547961085132
6.19 4.410432497675073
6.2 4.454758081190152
6.21 4.499529144225661
6.22 4.544750163925211
6.23 4.590425662428462
6.24 4.63656020732332
6.25 4.683158412102725
6.26 4.730224936625982
6.2700000000000005 4.777764487584774
6.28 4.825781818973804
6.29 4.8742817325662315
6.3 4.9232690783938295
6.3100000000000005 4.972748755232009
6.32 5.022725711089679
6.33 5.073204943704074
6.34 5.124191501040528
6.3500000000000005 5.175690481797262
6.36 5.227707035915261
6.37 5.280246365093289
6.38 5.333313723308047
6.390000000000001 5.386914417339582
6.4 5.441053807301958
6.41 5.49573730717929
6.42 5.550970385367137
6.43 5.606758565219344
6.44 5.663107425600392
6.45 5.72002260144327
6.46 5.77750978431299
6.47 5.835574722975751
6.48 5.894223223973808
6.49 5.953461152206127
6.5 6.013294431514901
6.51 6.073729045277923
6.5200000000000005 6.134771037006934
6.53 6.196426510951967
6.54 6.2587016327118015
6.55 6.321602629850509
6.5600000000000005 6.385135792520227
6.57 6.449307474090157
6.58 6.514124091781936
6.59 6.579592127311346
6.6000000000000005 6.645718127536506
6.61 6.712508705112531
6.62 6.779970539152844
6.63 6.848110375897065
6.640000000000001 6.916935029385661
6.65 6.98645138214132
6.66 7.056666385857255
6.67 7.127587062092351
6.68 7.199220502973334
6.69 7.271573871903988
6.7 7.344654404281493
6.71 7.41846940821999
6.72 7.49302626528139
6.73 7.568332431213532
6.74 7.6443954366957545
6.75 7.721222888091996
6.76 7.798822468211423
6.7700000000000005 7.877201937076716
6.78 7.956369132700067
6.79 8.036331971867018
6.8 8.117098450928122
6.8100000000000005 8.198676646598598
6.82 8.281074716765978
6.83 8.364300901305954
6.84 8.448363522906336
6.8500000000000005 8.533270987899341
6.86 8.61903178710221
6.87 8.705654496666341
6.88 8.793147778934875
6.890000000000001 8.881520383308956
6.9 8.970781147122656
6.91 9.06093899652674
6.92 9.152002947381288
6.93 9.243982106157263
6.94 9.336885670847211
6.95 9.430722931884999
6.96 9.525503273074936
6.97 9.621236172530125
6.98 9.717931203620301
6.99 9.815598035929135
7.0 9.914246436221251
7.01 10.013886269418892
7.0200000000000005 10.114527499588414
7.03 10.21618019093669
7.04 10.318854508817568
7.05 10.422560720748402
7.0600000000000005 10.527309197436821
7.07 10.633110413817757
7.08 10.739974950101029
7.09 10.847913492829322
7.1000000000000005 10.956936835946864
7.11 11.067055881878805
7.12 11.17828164262151
7.13 11.29062524084374
7.140000000000001 11.404097910998955
7.15 11.518711000448704
7.16 11.634475970597453
7.17 11.751404398038694
7.18 11.869507975712606
7.19 11.988798514075393
7.2 12.109287942280275
7.21 12.23098830937049
7.22 12.353911785484165
7.23 12.478070663071364
7.24 12.603477358123282
7.25 12.730144411413951
7.26 12.858084489754246
7.2700000000000005 12.987310387258633
7.28 13.117835026624533
7.29 13.249671460424656
7.3 13.382832872412255
7.3100000000000005 13.517332578839506
7.32 13.653184029789108
7.33 13.790400810519381
7.34 13.928996642822744
7.3500000000000005 14.068985386397939
7.36 14.210381040235953
7.37 14.353197744020015
7.38 14.497449779539517
7.390000000000001 14.643151572118233
7.4 14.790317692056817
7.41 14.938962856089912
7.42 15.089101928857794
7.43 15.240749924392853
7.44 15.393922007621033
7.45 15.548633495878274
7.46 15.704899860442339
7.47 15.862736728079907
7.48 16.02215988260929
7.49 16.183185266478766
7.5 16.34582898236092
7.51 16.510107294762882
7.5200000000000005 16.676036631652803
7.53 16.843633586102616
7.54 17.012914917947448
7.55 17.183897555461552
7.5600000000000005 17.35659859705118
7.57 17.531035312964377
7.58 17.707225147018114
7.59 17.885185718342626
7.6000000000000005 18.064934823143357
7.61 18.246490436480553
7.62 18.42987071406685
7.63 18.61509399408283
7.640000000000001 18.80217879901087
7.65 18.99114383748733
7.66 19.18200800617354
7.67 19.37479039164543
7.68 19.569510272302196
7.69 19.76618712029419
7.7 19.964840603470076
7.71 20.165490587343726
7.72 20.368157137080747
7.73 20.57286051950501
7.74 20.779621205125313
7.75 20.988459870182542
7.76 21.19939739871723
7.7700000000000005 21.41245488465803
7.78 21.627653633931047
7.79 21.845015166590564
7.8 22.06456121897098
7.8100000000000005 22.28631374586051
7.82 22.510294922696595
7.83 22.73652714778359
7.84 22.965033044532532
7.8500000000000005 23.19583546372354
7.86 23.42895748579083
7.87 23.66442242313089
7.88 23.902253822433686
7.890000000000001 24.14247546703735
7.9 24.385111379306505
7.91 24.630185823034576
7.92 24.877723305870173
7.930000000000001 25.127748581767886
7.94 25.380286653463614
7.95 25.635362774975004
7.96 25.89300245412676
7.97 26.1532314551015
7.98 26.416075801016206
7.99 26.68156177652446
8.0 26.94971593044508
8.01 27.220565078416914
8.02 27.494136305580465
8.03 27.770456969286435
8.040000000000001 28.049554701831504
8.05 28.33145741322142
8.06 28.61619329396228
8.07 28.903790817879447
8.08 29.19427874496497
8.09 29.48768612425364
8.1 29.784042296727886
8.11 30.083376898251917
8.120000000000001 30.385719862535403
8.13 30.6911014241266
8.14 30.999552121436214
8.15 31.311102799791016
8.16 31.625784614518473
8.17 31.94362903406229
8.18 32.26466784312929
8.19 32.58893314586791
8.2 32.91645736907867
8.21 33.24727326545685
8.22 33.58141391686768
8.23 33.91891273765481
8.24 34.25980347798154
8.25 34.60412022720601
8.26 34.95189741729006
8.27 35.30316982624252
8.28 35.65797258159701
8.290000000000001 36.0163411639248
8.3 36.378311410382636
8.31 36.74391951829686
8.32 37.11320204878298
8.33 37.48619593040171
8.34 37.862938462852114
8.35 38.24346732070134
8.36 38.627820557152305
8.370000000000001 39.01603660784901
8.38 39.40815429471989
8.39 39.8042128298605
8.4 40.20425181945438
8.41 40.608311267733846
8.42 41.01643158098047
8.43 41.42865357156566
8.44 41.845018462032
8.45 42.26556788921552
8.46 42.69034390840944
8.47 43.119388997569544
8.48 43.552746061562345
8.49 43.990458436455384
8.5 44.432569893850896
8.51 44.87912464526307
8.52 45.330167346539156
8.53 45.785743102325156
8.540000000000001 46.2458974705764
8.55 46.710676467113
8.56 47.18012657022197
8.57 47.654294725304894
8.58 48.133228349572384
8.59 48.61697533678599
8.6 49.10558406204756
8.61 49.59910338663679
8.620000000000001 50.097582662897494
8.63 50.60107173917253
8.64 51.10962096478917
8.65 51.62328119509378
8.66 52.142103796537455
8.67 52.66614065181268
8.68 53.19544416504169
8.69 53.73006726701688
8.700000000000001 54.270063420494076
8.71 54.81548662553842
8.72 55.36639142492504
8.73 55.92283290959299
8.74 56.484866724154394
8.75 57.052549072459094
8.76 57.625936723215005
8.77 58.20508701566499
8.78 58.79005786532096
8.790000000000001 59.38090776975544
8.8 59.97769581445103
8.81 60.58048167870966
8.82 61.18932564162005
8.83 61.804288588085896
8.84 62.42543201491428
8.85 63.05281803696554
8.86 63.686509393364666
8.870000000000001 64.32656945377552
8.88 64.97306222473729
8.89 65.62605235606594
8.9 66.28560514731875
8.91 66.95178655432449
8.92 67.624663195779
8.93 68.30430235990714
8.94 68.99077201119172
8.950000000000001 69.68414079717006
8.96 70.3844780552983
8.97 71.09185381988598
8.98 71.80633882909908
8.99 72.52800453203389
9.0 73.2569230958621
9.01 73.99316741304757
9.02 74.7368111086355
9.03 75.48792854761518
9.040000000000001 76.24659484235656
9.05 77.01288586012109
9.06 77.78687823064925
9.07 78.56864935382309
9.08 79.3582774074064
9.09 80.15584135486259
9.1 80.96142095325101
9.11 81.77509676120283
9.120000000000001 82.59695014697706
9.13 83.42706329659687
9.14 84.2655192220691
9.15 85.11240176968506
9.16 85.96779562840523
9.17 86.8317863383283
9.18 87.70446029924526
9.19 88.58590477927942
9.200000000000001 89.47620792361353
9.21 90.37545876330358
9.22 91.28374722418312
9.23 92.20116413585508
9.24 93.12780124077521
9.25 94.06375120342618
9.26 95.00910761958421
9.27 95.96396502567872
9.28 96.92841890824603
9.290000000000001 97.90256571347828
9.3 98.88650285686745
9.31 99.88032873294803
9.32 100.88414272513575
9.33 101.89804521566641
9.34 102.92213759563394
9.35 103.95652227512977
9.36 105.00130269348385
9.370000000000001 106.05658332960883
9.38 107.12246971244736
9.39 108.19906843152619
9.4 109.28648714761431
9.41 110.38483460348962
9.42 111.49422063481292
9.43 112.61475618111186
9.44 113.74655329687486
9.450000000000001 114.88972516275686
9.46 116.04438609689666
9.47 117.2106515663502
9.48 118.38863819863616
9.49 119.57846379339956
9.5 120.78024733419136
9.51 121.99410900036709
9.52 123.22017017910495
9.53 124.45855347754456
9.540000000000001 125.70938273504795
9.55 126.97278303558278
9.56 128.24888072023217
9.57 129.53780339982802
9.58 130.83967996771239
9.59 132.15464061262693
9.6 133.48281683173198
9.61 134.82434144375628
9.620000000000001 136.17934860227916
9.63 137.54797380914522
9.64 138.93035392801588
9.65 140.326627198055
9.66 141.73693324775317
9.67 143.16141310889063
9.68 144.60020923064056
9.69 146.05346549381414
9.700000000000001 147.52132722524897
9.71 149.00394121234092
9.72 150.50145571772447
9.73 152.0140204940981
9.74 153.54178679919988
9.75 155.08490741093354
9.76 156.6435366426461
9.77 158.2178303585597
9.78 159.80794598935768
9.790000000000001 161.41404254792872
9.8 163.03628064526634
9.81 164.67482250653256
9.82 166.3298319872789
9.83 168.00147458983267
9.84 169.68991747984705
9.85 171.39532950301813
9.86 173.11788120196948
9.870000000000001 174.8577448333067
9.88 176.61509438484222
9.89 178.39010559299595
9.9 180.18295596036793
9.91 181.99382477348885
9.92 183.8228931207492
9.93 185.67034391050782
9.94 187.5363618893834
9.950000000000001 189.42113366072897
9.96 191.32484770329177
9.97 193.24769439006283
9.98 195.1898660073132
9.99 197.15155677382296
10.0 199.1329628603037
