0.1 0.03780900205739078
0.2 0.06016517642884163
0.30000000000000004 0.07714697477691361
0.4 0.08723746363123507
0.5 0.0895352896744601
0.6000000000000001 0.0838351949496506
0.7000000000000001 0.07064635194225978
0.8 0.05114688071845021
0.9 0.027078610968320947
1.0 5.914895472975202E-4
1.1 -0.02594846787338158
1.2000000000000002 -0.050170525939987415
1.3 -0.0699110003448038
1.4000000000000001 -0.08340653330134042
1.5 -0.08945160904367717
1.6 -0.0875062389595053
1.7000000000000002 -0.07774419716464306
1.8 -0.061037497778812705
1.9000000000000001 -0.038878500501402735
2.0 -0.013246602564143738
2.1 0.01356857492846007
2.2 0.03917171203332926
2.3000000000000003 0.061275756765459974
2.4000000000000004 0.07790622064032901
2.5 0.08757755384969346
2.6 0.08942584500162072
2.7 0.08328599175218449
2.8000000000000003 0.06970644890613147
2.9000000000000004 0.049900236582609635
3.0 0.025636584740603492
3.1 -9.171068640912953E-4
3.2 -0.02738887604399142
3.3000000000000003 -0.05141407849783507
3.4000000000000004 -0.07084661444350872
3.5 -0.083950633319959
3.6 -0.08955559214801286
3.7 -0.08716081664853556
3.8000000000000003 -0.07698022498465239
3.9000000000000004 -0.05992321908933858
4.0 -0.037513450499174136
4.1000000000000005 -0.011752717100397672
4.2 0.015057851514413164
4.3 0.04052334709950597
4.4 0.06236901277690775
4.5 0.07864344029353608
4.6000000000000005 0.08789288350866427
4.7 0.0892911172070503
4.800000000000001 0.08271324133670852
4.9 0.0687468379585699
5.0 0.04863948429094576
5.1000000000000005 0.024187310352214275
5.2 -0.0024254439843939355
5.300000000000001 -0.02882154063345791
5.4 -0.05264309489552323
5.5 -0.07176219827493269
5.6000000000000005 -0.08447099820829647
5.7 -0.08963425544756588
5.800000000000001 -0.08679075160103415
5.9 -0.07619448839864319
6.0 -0.05879199847392891
6.1000000000000005 -0.036137794422879156
6.2 -0.010255508823463794
6.300000000000001 0.016542870835670173
6.4 0.04186352511187869
6.5 0.06344463536993751
6.6000000000000005 0.0793584253044621
6.7 0.08818336345586535
6.800000000000001 0.08913114438196526
6.9 0.08211710563536304
7.0 0.06776779040772321
7.1000000000000005 0.04736498029246531
7.2 0.02273119755249158
7.300000000000001 -0.00393309536562973
7.4 -0.03024605658848522
7.5 -0.05385722765664603
7.6000000000000005 -0.07265749297859231
7.7 -0.08496748084502737
7.800000000000001 -0.08968757670207897
7.9 -0.08639614844446789
8.0 -0.07538720955574635
8.1 -0.05764415575945826
8.200000000000001 -0.03475192120795413
8.3 -0.008755401034895303
8.4 0.018023213036826975
8.5 0.04319186716562558
8.6 0.06450232043674962
8.700000000000001 0.08005097352737309
8.8 0.08844891156470497
8.9 0.0889459717550399
9.0 0.08149775319194533
9.1 0.06676958305699657
9.200000000000001 0.04607708492415761
9.3 0.021268658024178013
9.4 -0.005439634753694848
9.5 -0.03166202115961895
9.600000000000001 -0.05505613351280758
9.700000000000001 -0.07353224543029308
9.8 -0.0854399408609896
9.9 -0.0897155408361814
10.0 -0.08597711874389541
10.100000000000001 -0.07455861669567514
10.200000000000001 -0.056480015472320934
10.3 -0.03335622267849887
10.4 -0.007252817856017151
10.5 0.019498459584829007
10.600000000000001 0.04450799770227373
10.700000000000001 0.06554176894097193
10.8 0.08072088916002601
10.9 0.08868945275750101
11.0 0.08873565167961861
11.100000000000001 0.08085535911425795
11.200000000000001 0.06575249812679203
11.3 0.04477616230911704
11.4 0.01980010526702827
11.5 -0.006944636208876618
11.600000000000001 -0.03306903401511406
11.700000000000001 -0.05623947350067163
11.8 -0.07438620831369441
11.9 -0.08588824467886995
12.0 -0.0897181399436509
12.100000000000001 -0.08553378097042445
12.200000000000001 -0.07370894408419691
12.3 -0.05529990674668015
12.4 -0.031951093436496734
12.5 -0.005748184108013831
12.600000000000001 0.020968193387301968
12.700000000000001 0.04581154461587708
12.8 0.06656268700220423
12.9 0.08136798279902777
13.0 0.0889049190267076
13.100000000000001 0.08850024361891438
13.200000000000001 0.08019010502460144
13.3 0.06471682317471837
13.4 0.043462580253594764
13.5 0.018325954480899853
13.600000000000001 -0.008447674226277999
13.700000000000001 -0.034466697354118066
13.8 -0.05740691305779799
13.9 -0.07521914019023326
14.0 -0.08631226555097045
14.100000000000001 -0.08969537328964898
14.200000000000001 -0.08506626046771733
14.3 -0.07283843194689786
14.4 -0.05410416323141025
14.5 -0.030536930750250504
14.600000000000001 -0.004241925191821587
14.700000000000001 0.02243199891047354
14.8 0.047102139358224056
14.9 0.0675647859791081
15.0 0.08199207149338417
15.100000000000001 0.08909524945414257
15.200000000000001 0.08823981412919704
15.3 0.07950217900842374
15.4 0.06366285101428897
15.5 0.04213671014301096
15.600000000000001 0.01684662244836555
15.700000000000001 -0.009948323856118279
15.8 -0.03585461601914268
15.9 -0.05855812211723074
16.0 -0.0760308055673847
16.1 -0.08671188359504321
16.2 -0.08964724731092877
16.3 -0.08457468941655201
16.400000000000002 -0.07194732640126573
16.5 -0.05289312299576703
16.6 -0.02911413444206338
16.7 -0.002734466967857355
16.8 0.023889462296658788
16.900000000000002 0.04837941704303432
17.0 0.06854778255101232
17.1 0.08259297879622551
17.2 0.08926039022821078
17.3 0.08795443684097548
17.400000000000002 0.07879177556114375
17.5 0.06259087963213664
17.6 0.040798926836953214
17.7 0.015362527416878963
17.8 -0.011446160823880145
17.900000000000002 -0.037232397607784296
18.0 -0.059692775200817595
18.1 -0.0768209749652427
18.2 -0.087086985828184
18.3 -0.08957377561401503
18.400000000000002 -0.08405920679745163
18.5 -0.07103587938710683
18.6 -0.051667128433805075
18.7 -0.027683106775200233
18.8 -0.0012262356356121545
18.900000000000002 0.025340171481267326
19.0 0.0496430165491208
19.1 0.06951139879801635
19.200000000000003 0.08317053481469258
19.3 0.08940029465911818
19.400000000000002 0.0876441924381808
19.5 0.07805909553316336
19.6 0.06150121210376388
19.700000000000003 0.039449608563194564
19.8 0.013874088980520366
19.900000000000002 -0.01294076165026221
20.0 -0.03859965258366508
20.1 -0.06081055151123212
20.200000000000003 -0.07758942498139933
20.3 -0.08743746619877675
20.400000000000002 -0.08947497897135737
20.5 -0.08351995835139134
20.6 -0.07010434859531241
20.700000000000003 -0.05042652616757526
20.8 -0.02624425234015202
20.900000000000002 2.823423868414472E-4
21.0 0.026783716309304047
21.1 0.05089258062249299
21.200000000000003 0.07045536227956438
21.3 0.08372457625796993
21.400000000000002 0.08951492319207206
21.5 0.08730916863535486
21.6 0.07730434607307862
21.700000000000003 0.0603941565078566
21.8 0.03808913681075787
21.900000000000002 0.012381727961371663
22.0 -0.014431703770907023
22.1 -0.0399559943865705
22.200000000000003 -0.06191113502267016
22.3 -0.07833593835410733
22.400000000000002 -0.08776322561647569
22.5 -0.08935088531545725
22.6 -0.08295709653859153
22.700000000000003 -0.0691529973950066
22.8 -0.04917166694912434
22.900000000000002 -0.024797977940253166
23.0 0.0017908405834124322
23.1 0.028219688651335614
23.200000000000003 0.052127755977356735
23.3 0.07137940611147268
23.400000000000002 0.08425494648345382
23.5 0.08960424341846437
23.6 0.08694946015285016
23.700000000000003 0.07652774056911676
23.8 0.05927002583918055
23.900000000000002 0.036717896222056345
24.0 0.010885866290535279
24.1 -0.015918565655875492
24.200000000000003 -0.041301039541734204
24.3 -0.06299421457020053
24.400000000000002 -0.07906030402370703
24.5 -0.08806417198022187
24.6 -0.0892015297309706
24.700000000000003 -0.08237078049541563
24.8 -0.0681820947590822
24.900000000000002 -0.047902905561326085
25.0 -0.02334469247666373
25.1 0.003298832460580964
25.200000000000003 0.0296476825188736
25.3 0.053348193396001276
25.400000000000002 0.07228326904138614
25.5 0.08476149554103733
25.6 0.08966823008503479
25.700000000000003 0.0865651686900508
25.8 0.07572949858880333
25.900000000000002 0.05812913792008881
26.0 0.03533627448414865
26.1 0.009386926888841216
26.200000000000003 -0.017400926928819907
26.3 -0.042634407768260864
26.400000000000002 -0.06405948393774008
26.5 -0.07976231719229628
26.6 -0.0883402202042829
26.700000000000003 -0.08902695444478861
26.8 -0.08176117598937642
26.900000000000002 -0.0671919151881546
27.0 -0.046620600717578155
27.1 -0.0218848068327605
27.200000000000003 0.004805891667975083
27.3 0.031067294179162732
27.400000000000002 0.05455354782753271
27.5 0.07316669552263873
27.6 0.0852440802155075
27.700000000000003 0.08970686510100996
27.8 0.086156402896619
27.900000000000002 0.0749098458168843
28.0 0.05697181531066677
28.1 0.03394466221912489
28.200000000000003 0.007885333547280042
28.3 -0.01887836848583873
28.400000000000002 -0.04395572208664176
28.5 -0.06510664194462722
28.6 -0.0804417793816349
28.700000000000003 -0.08859129224230787
28.8 -0.08882720881409896
28.900000000000002 -0.08112845537226887
29.0 -0.06618273863295482
29.1 -0.045325114960380046
29.200000000000003 -0.020418733757973116
29.3 0.006311592118914579
29.400000000000002 0.03247812226932692
29.5 0.055743478485426816
29.6 0.07402943578650645
29.700000000000003 0.08570256406703411
29.8 0.08972013754321885
29.900000000000002 0.08572327834177625
30.0 0.07406901399152059
30.1 0.055798385217532775
30.200000000000003 0.03254345287367115
30.3 0.006381510807182851
30.400000000000002 -0.020350472613969207
30.5 -0.04526460892533461
30.6 -0.06613539253077687
30.700000000000003 -0.0810984984892576
30.8 -0.0888173171093942
30.900000000000002 -0.08860234931243106
31.0 -0.08047279753144279
31.1 -0.0651548504151773
31.200000000000003 -0.04401681455883619
31.3 -0.01894688775108593
31.400000000000002 0.007815508110877821
31.5 0.033879767909842824
31.6 0.05691764894388205
31.700000000000003 0.07487124591282104
31.8 0.08613681746974641
31.900000000000002 0.08970804365918053
32.0 0.08526591748163304
32.1 0.07320724083876967
32.2 0.05460917940133273
32.300000000000004 0.031133042607829144
32.4 0.004875883840191965
32.5 -0.02181682310928463
32.6 -0.04656069822638837
32.7 -0.06714544484038457
32.800000000000004 -0.08173228884279173
32.9 -0.08901823090216013
33.0 -0.08835243951369316
33.1 -0.07979438783922785
33.2 -0.06410854114681654
33.300000000000004 -0.04269606940510015
33.4 -0.01746968494304845
33.5 0.009317214445857352
33.6 0.035271834817319644
33.7 0.05807572723293537
33.800000000000004 0.0756918878989381
33.9 0.08654671764838481
34.0 0.08967058686816887
34.1 0.08478444962455314
34.2 0.07232477000536586
34.300000000000004 0.05340453408293285
34.4 0.02971383018299153
34.5 0.0033688783280525127
34.6 -0.023277005394565214
34.7 -0.047843623550055794
34.800000000000004 -0.06813651330414983
34.9 -0.0823429712524365
35.0 -0.08919397681679805
35.1 -0.08807755007418429
35.2 -0.07909341810051376
35.300000000000004 -0.06304410664799238
35.4 -0.04136325290979446
35.5 -0.015987542979321038
35.6 0.010816286550575665
35.7 0.03665392941652782
35.800000000000004 0.05921738593231143
35.9 0.07649112972701186
36.0 0.08693214871299945
36.1 0.08960777776023177
36.2 0.0842790108946151
36.300000000000004 0.0714218509898486
36.4 0.05218478984837459
36.5 0.0282862168491574
36.6 0.0018609203422647698
36.7 -0.024730606636513976
36.800000000000004 -0.049113022178412326
36.9 -0.06910831772002952
37.0 -0.08293037306164902
37.1 -0.08934450516515513
37.2 -0.08777775871263857
37.300000000000004 -0.07837008649853802
37.4 -0.061961847863329415
37.5 -0.0400187418964368
37.6 -0.014500880901802174
37.7 0.012312300596524219
37.800000000000004 0.038025660951687516
37.9 0.06034230226400581
38.0 0.077268745429617
38.1 0.08729300169173487
38.2 0.08951963409321798
38.300000000000004 0.08374974419311246
38.400000000000006 0.07049873907201304
38.5 0.050950291552567244
38.6 0.02685060623149694
38.7 3.524362236176481E-4
38.800000000000004 -0.026177215862474058
38.900000000000006 -0.05036853521789587
39.0 -0.07006058333245258
39.1 -0.08349432819593991
39.2 -0.08946977338876791
39.300000000000004 -0.08745315018823811
39.400000000000006 -0.07762459753884322
39.5 -0.060862070776856445
39.6 -0.038662916494908085
39.7 -0.013010119030347553
39.800000000000004 0.013804833619791443
39.900000000000006 0.039386641596937014
40.0 0.06145015818353958
40.1 0.07802451515361618
40.2 0.08762917456162687
40.300000000000004 0.08940618078774264
40.400000000000006 0.08319679915815538
40.5 0.06955569524073901
40.6 0.04970138822180026
40.7 0.02540740421622784
40.800000000000004 -0.0011561475383481277
40.900000000000006 -0.02761642407662139
41.0 -0.0516098077007767
41.1 -0.07099304090999561
41.2 -0.08403467720983457
41.300000000000004 -0.08956974607089814
41.400000000000006 -0.08710381627665292
41.5 -0.07685716199146143
41.6 -0.05974508632550796
41.7 -0.037296160033972604
41.800000000000004 -0.011515678843935999
41.900000000000006 0.015293463640645112
42.0 0.04073648656598206
42.1 0.06254064046987207
42.2 0.07875822522232648
42.300000000000004 0.08794057227745014
42.400000000000006 0.08926744992014492
42.5 0.08262033212236453
42.6 0.06859298612019735
42.7 0.04843843295505676
42.800000000000004 0.023957018835862254
42.900000000000006 -0.002664404425919393
43.0 -0.029047824375597477
43.1 -0.05283648868552327
43.2 -0.07190542682150776
43.300000000000004 -0.08455126733195148
43.400000000000006 -0.0896443949465461
43.5 -0.08672985574409381
43.6 -0.07606799683131966
43.7 -0.05861121031120726
43.800000000000004 -0.03591885893290248
43.900000000000006 -0.010017982861506682
44.0 0.01677776978283599
44.1 0.04207481422089279
44.2 0.06361344081396374
44.300000000000004 0.07946966819593049
44.400000000000006 0.0882271067985901
44.5 0.08910348071341934
44.6 0.08202050606866851
44.7 0.06761088389447494
44.800000000000004 0.047161782824184435
44.900000000000006 0.02249986015384635
45.0 -0.004171908013797146
45.1 -0.03047101206355988
45.2 -0.05404823135601349
45.300000000000004 -0.07279748311064503
45.400000000000006 -0.08504395250819463
45.5 -0.08969369891044147
45.6 -0.0863313743193866
45.7 -0.07525732517690091
45.800000000000004 -0.05746076331158221
45.900000000000006 -0.03453140259222776
46.0 -0.008517454522503102
46.1 0.01825733239259908
46.2 0.04340124617999283
46.300000000000004 0.06466825590594195
46.400000000000006 0.08015864293012451
46.5 0.08848869711393392
46.6 0.08891431952612573
46.7 0.08139749058422845
46.800000000000004 0.06660966623061669
46.900000000000006 0.04587179877294298
47.0 0.02103634014862435
47.1 -0.0056782320896668235
47.2 -0.03188558476658979
47.300000000000004 -0.05524469311959493
47.400000000000006 -0.0736689575688006
47.5 -0.08551259344304663
47.6 -0.0897176440230113
47.7 -0.08590848466408225
47.800000000000004 -0.07442537622715897
47.900000000000006 -0.056294070589330364
48.0 -0.0331341832836425
48.1 -0.0070145180671470405
48.2 0.019731733157289894
48.300000000000004 0.044715407424844505
48.400000000000006 0.06570478752085386
48.5 0.08082495463298733
48.6 0.08872526926477625
48.7 0.08870001983928329
48.800000000000004 0.08075146181248842
48.900000000000006 0.06558961620012278
49.0 0.04456884551495563
49.1 0.019566872597154478
49.2 -0.007182950774688633
49.300000000000004 -0.03329114254646091
49.400000000000006 -0.056425535703943236
49.5 -0.0745196038064111
49.6 -0.08595705763895392
49.7 -0.08971622351431993
49.800000000000004 -0.08546130634060292
49.900000000000006 -0.07357238519671881
50.0 -0.05511146200025849
50.1 -0.03172759603909257
50.2 -0.005509598416505689
50.300000000000004 0.02120055522365977
50.400000000000006 0.04601692640627479
50.5 0.06672274260298265
50.6 0.0814684149200565
50.7 0.08893675636572711
50.800000000000004 0.0884606422412495
50.900000000000006 0.08008260240337581
51.0 0.06455102219891731
51.1 0.04325329143058884
51.2 0.018091872957933287
51.300000000000004 -0.0086856386439122
51.400000000000006 -0.03468728801371067
51.5 -0.057590425252700285
51.6 -0.07534918132262154
51.7 -0.08637721943378353
51.800000000000004 -0.08968943778598393
51.900000000000006 -0.08498996577843888
52.0 -0.07269859324937537
52.1 -0.05391327190001802
52.2 -0.03031203853909923
52.300000000000004 -0.00400312105234788
52.400000000000006 0.022663383315709464
52.5 0.04730543514942154
52.6 0.06772183334870698
52.7 0.08208884186758465
52.800000000000004 0.08912309862362362
52.900000000000006 0.08819625441059048
53.0 0.07939110146166152
53.1 0.06349417786580613
53.2 0.041925508462810256
53.300000000000004 0.016611758253527557
53.400000000000006 -0.010185870846553521
53.5 -0.03607362643999231
53.6 -0.05873903241986992
53.7 -0.07615745557327505
53.800000000000004 -0.0867729600363538
53.900000000000006 -0.08963729441105815
54.0 -0.08449459623840376
54.1 -0.07180424742990628
54.2 -0.05269983904958201
54.300000000000004 -0.028887911000317724
54.400000000000006 -0.0024955118968510367
54.5 0.02411980385209812
54.6 0.048580569357776084
54.7 0.06870177728786352
54.800000000000004 0.08268606006397754
54.900000000000006 0.08928424335443473
55.0 0.08790693109694636
55.1 0.07867715449349195
55.2 0.06241938199946445
55.300000000000004 0.040585872012024474
55.400000000000006 0.015126946952672863
55.5 -0.011683223226111
55.6 -0.03744976586968177
55.7 -0.05987103246292451
55.800000000000004 -0.07694419803722924
55.900000000000006 -0.087144167560019
56.0 -0.08955980813189476
56.1 -0.08397533777495583
56.2 -0.07088960059423141
56.300000000000004 -0.05147150651946278
56.400000000000006 -0.027455616062387177
56.5 -9.871971921822389E-4
56.6 0.025569405063080728
56.7 0.049841968516170405
56.800000000000004 0.06966229736361379
56.900000000000006 0.08325990065938679
57.0 0.08942014499815638
57.1 0.08759275409989649
57.2 0.07794096335111869
57.300000000000004 0.061326938473953665
57.400000000000006 0.0392347608299391
57.5 0.013637858851961886
57.6 -0.013177272440292952
57.7 -0.03881531723068415
57.800000000000004 -0.06098610533462405
57.900000000000006 -0.07770918628096382
58.0 -0.08749073705430262
58.1 -0.08945700085597502
58.2 -0.08343233719660424
58.300000000000004 -0.06995491133791981
58.400000000000006 -0.05022862159271835
58.5 -0.02601555867409423
58.6 5.213966200189978E-4
58.7 0.027011777106916192
58.800000000000004 0.051089275992710625
58.900000000000006 0.07060312201077411
59.0 0.08381020141344789
59.1 0.08953076513169331
59.2 0.08725381224583417
59.300000000000004 0.07718273617582642
59.400000000000006 0.06021715615280948
59.5 0.03787255691248195
59.6 0.012144914957149668
59.7 -0.01466759608069727
59.800000000000004 -0.04016989444444155
59.900000000000006 -0.06208393577350042
60.0 -0.0784522040214683
60.1 -0.0878125705345713
60.2 -0.08932890164971556
60.300000000000004 -0.08286574802440001
60.400000000000006 -0.0690004439230791
60.5 -0.048971535666766715
60.6 -0.02456814597887638
60.7 0.0020298430191966134
60.800000000000004 0.028446512185747473
60.900000000000006 0.05232213913960468
61.0 0.07152398523259393
61.1 0.08433680674115263
61.2 0.08961607247972093
61.300000000000004 0.086890201362852
61.400000000000006 0.07640268733908676
61.5 0.05909034880171831
61.6 0.03649964539179438
61.7 0.010648537364134387
61.800000000000004 -0.016153772792244718
61.900000000000006 -0.04151311453508582
62.0 -0.06316421339298982
62.1 -0.07917304118739461
62.2 -0.08810957700973525
62.300000000000004 -0.08917554673025054
62.400000000000006 -0.08227573044853238
62.5 -0.0680264682036418
62.6 -0.04770060415403054
62.7 -0.02311378719972167
62.800000000000004 0.0035377155264739255
62.900000000000006 0.029873204660895013
63.0 0.05354020939286465
63.1 0.07242462667596476
63.2 0.08483956775683307
63.300000000000004 0.08967604292352883
63.400000000000006 0.08650202425364897
63.5 0.07560103738195001
63.6 0.05794683499980217
63.7 0.03511641442735337
63.800000000000004 0.009149149139612555
63.900000000000006 -0.017635382392305225
64.0 -0.04284459773771557
64.10000000000001 -0.06422663276919383
64.2 -0.07987149397844455
64.3 -0.08838167250797514
64.4 -0.08899697945519208
64.5 -0.08166245128303884
64.60000000000001 -0.06703325954906468
64.7 -0.04641618638146101
64.8 -0.021652893523465697
64.9 0.005044587825228272
65.0 0.03129145116754101
65.10000000000001 0.054743142370862495
65.2 0.07330479170502235
65.3 0.08531834231625776
65.4 0.08971065950783931
65.5 0.08608939066646566
65.60000000000001 0.07477801295268763
65.7 0.05678693804955524
65.8 0.03372325509622416
65.9 0.007647174201469047
66.0 -0.019112005989494116
66.10000000000001 -0.04416396760577378
66.2 -0.06527089352721688
66.3 -0.08054736492299175
66.4 -0.08862878010048457
66.5 -0.08879325031037205
66.60000000000001 -0.08102608391863866
66.7 -0.06602109876648705
66.8 -0.04511864548894362
66.9 -0.020185877984529987
67.0 0.006550033881622893
67.10000000000001 0.032700850728779846
67.2 0.055930597971680214
67.3 0.07416423147314176
67.4 0.0857729950568219
67.5 0.08971991244560136
67.60000000000001 0.08565241726405297
67.7 0.07393384674272296
67.8 0.05561098588543528
67.9 0.03232056128248458
68.0 0.006143037198923409
68.10000000000001 -0.02058322610211274
68.2 -0.04547085111746216
68.3 -0.06629670042610612
68.4 -0.08120046293391694
68.5 -0.08885082992321644
68.60000000000001 -0.08856441689556713
68.7 -0.080366808273719
68.8 -0.06499027202132478
68.9 -0.04380834832661922
69.0 -0.018713155348166075
69.10000000000001 0.008053628065064248
69.2 0.0341010048689668
69.3 0.057102240469283486
69.4 0.07500270299329888
69.5 0.08620339743581192
69.60000000000001 0.08970379912075736
69.7 0.08519122759069385
69.8 0.07306877742083152
69.9 0.05441931098113882
70.0 0.030908729565882417
70.10000000000001 0.004637163392464001
70.2 -0.02204862677616263
70.3 -0.04676487878122377
70.4 -0.06730376344231837
70.5 -0.08183060336262327
70.60000000000001 -0.08904775919663972
70.7 -0.08831054390821651
70.8 -0.07968481074345773
70.9 -0.06394107075636812
71.0 -0.042485665351185795
71.10000000000001 -0.017235141993163502
71.2 0.009554945268522541
71.3 0.03549151772639835
71.4 0.05825773860843422
71.5 0.07581996920675653
71.60000000000001 0.08660942776675593
71.7 0.0896623240889832
71.8 0.08470595203726793
71.9 0.07218304956566639
72.0 0.05321225025562052
72.10000000000001 0.029488159109686222
72.2 0.0031299785336321405
72.3 -0.023507793702968374
72.4 -0.04804568474020155
72.5 -0.06829179785170833
72.60000000000001 -0.08243760805125357
72.7 -0.08921951224348496
72.8 -0.08803170312512719
72.9 -0.07898028414712742
73.0 -0.0628737916093931
73.10000000000001 -0.041150970521135366
73.2 -0.015752255794155113
73.3 0.01105356102874142
73.4 0.03687199616522589
73.5 0.05939676569833479
73.60000000000001 0.07661579905010306
73.7 0.08699097125382017
73.8 0.08959549907639988
73.9 0.08419672780438814
74.0 0.0712769135966179
74.10000000000001 0.05199014497781404
74.2 0.028059251547856757
74.3 0.0016219087446301555
74.4 -0.0249603143363065
74.5 -0.04931290687566399
74.60000000000001 -0.06926052431004556
74.7 -0.08302130538304908
74.8 -0.08936604050448886
74.9 -0.08772797338218126
75.0 -0.07825342767358692
75.10000000000001 -0.06178873632927511
75.2 -0.03980464119105015
75.3 -0.014264916003450425
75.4 0.012549051646238046
75.5 0.03824204988659295
75.60000000000001 0.060518999705012656
75.7 0.07738996752056534
75.8 0.08734792002427101
75.9 0.08950334297625798
76.0 0.08366369886361548
76.10000000000001 0.07035062570299738
76.2 0.05075334067016856
76.3 0.026622410871472914
76.4 1.1338039785223743E-4
76.5 -0.026405778009029886
76.60000000000001 -0.05056618690940863
76.7 -0.07020966893197467
76.80000000000001 -0.08358153033088085
76.9 -0.0894873025521219
77.0 -0.08739944055205015
77.10000000000001 -0.07750444682495258
77.2 -0.06068621169069605
77.30000000000001 -0.03844705800489049
77.4 -0.012773543132508622
77.5 0.014040994305080316
77.60000000000001 0.03960129153900778
77.7 0.0616241233423473
77.80000000000001 0.07814225573963723
77.9 0.08768017315897118
78.0 0.08938588184359723
78.10000000000001 0.08310701591674517
78.2 0.0694044477716221
78.30000000000001 0.04950218701093835
78.4 0.025178043314519134
78.5 -0.001395180004648314
78.60000000000001 -0.027843776049200183
78.7 -0.05180517050503374
78.80000000000001 -0.07113896336846706
78.9 -0.08411812450389657
79.0 -0.08958326410230033
79.10000000000001 -0.08704619751991043
79.2 -0.0767335533585107
79.30000000000001 -0.05956652940739153
79.4 -0.037078604788401276
79.5 -0.011278558833062705
79.60000000000001 0.015528967192454977
79.7 0.040949336827832916
79.80000000000001 0.06271182416179545
79.9 0.07887245101494818
80.0 0.08798763672090952
80.10000000000001 0.08924314888787807
80.2 0.08252683635320893
80.30000000000001 0.06843864731275642
80.4 0.048237037735342096
80.5 0.02372655723904582
80.60000000000001 -0.0029033459517696404
80.7 -0.029273901895604
80.80000000000001 -0.05302950736814095
80.9 -0.07204814488267322
81.0 -0.08463093619231216
81.10000000000001 -0.08965389802408097
81.2 -0.08666834415718871
81.30000000000001 -0.07594096522683468
81.4 -0.05843000604404117
81.5 -0.03569966844056999
81.60000000000001 -0.009780385777880533
81.7 0.01701254961789812
81.80000000000001 0.042285804623959714
81.9 0.06378179464070832
82.0 0.07958034690041071
82.10000000000001 0.0882702237817652
82.2 0.08907518446359483
82.30000000000001 0.08192332420556692
82.4 0.06745349738449676
82.5 0.046958250535530204
82.60000000000001 0.022268363019688518
82.7 -0.004410691043919829
82.80000000000001 -0.030695751212724127
82.9 -0.05423885134535029
83.0 -0.07293695642422206
83.10000000000001 -0.08511982041029859
83.2 -0.08969918434733021
83.30000000000001 -0.08626598729331911
83.4 -0.07512690651617797
83.5 -0.05727696292674752
83.60000000000001 -0.03431063882425241
83.7 -0.008279447541291285
83.80000000000001 0.01849132213226211
83.9 0.043610317071539194
84.0 0.0648337322692963
84.10000000000001 0.08026574325458086
84.2 0.08852785444647923
84.30000000000001 0.0888820360588637
84.4 0.08129665010314183
84.5 0.06644927651555366
84.60000000000001 0.0456661869594671
84.7 0.02080387292767059
84.80000000000001 -0.0059167891135983395
84.9 -0.03210892200502995
85.0 -0.05543286052218895
85.10000000000001 -0.07380514670188715
85.2 -0.08558463893697144
85.30000000000001 -0.08971911026837141
85.4 -0.08583924068554671
85.5 -0.07429160738310506
85.60000000000001 -0.05610772605219825
85.7 -0.03291190865595499
85.80000000000001 -0.00677616847940313
85.9 0.019964866646277564
86.0 0.04492249969483607
86.10000000000001 0.06586733963614631
86.2 0.08092844629724066
86.30000000000001 0.08876045587584766
86.4 0.08866375828199975
86.5 0.08064699122376695
86.60000000000001 0.06542626862651256
86.7 0.044361212308718555
86.80000000000001 0.019333501014217293
86.9 -0.0074212143458569964
87.0 -0.03351301473065793
87.10000000000001 -0.05661119731974848
87.2 -0.07465247025462944
87.30000000000001 -0.08602526035547681
87.4 -0.08971367015360404
87.5 -0.08538822498675744
87.60000000000001 -0.07343530398942691
87.7 -0.05492262599550638
87.80000000000001 -0.03150387339478132
87.9 -0.00527097361015354
88.0 0.02143276654878703
88.10000000000001 0.04622198150409016
88.2 0.06688232451230153
88.30000000000001 0.08156826866419596
88.4 0.0889679623071109
88.5 0.08842041284607413
88.60000000000001 0.07997453124369823
88.7 0.06438476294956923
88.80000000000001 0.04304369553515052
88.9 0.01785766299351893
89.0 -0.008923541398718446
89.10000000000001 -0.03490763241435918
89.2 -0.05777352859011968
89.30000000000001 -0.07547868752100967
89.4 -0.08644156009013804
89.5 -0.08968286554109661
89.60000000000001 -0.08491306771137137
89.7 -0.07255823843543742
89.80000000000001 -0.0537219978167249
89.9 -0.03008693113065284
90.0 -0.003764288493117626
90.10000000000001 0.022894606824514004
90.2 0.04750839510039807
90.30000000000001 0.06787839993390253
90.4 0.08218502946023551
90.5 0.08915031507255045
90.60000000000001 0.0881520685514682
90.7 0.07927946028568895
90.80000000000001 0.06332505394673581
90.9 0.0417140091366424
91.0 0.016376776125170137
91.10000000000001 -0.01042334552341325
91.2 -0.03629238075972721
91.30000000000001 -0.0589195257106057
91.4 -0.07628356490690134
91.5 -0.0868334204416845
91.60000000000001 -0.08962670514015185
91.7 -0.0844139031992927
91.80000000000001 -0.07166065869144884
91.9 -0.05250618096614396
92.0 -0.02866148247172988
92.10000000000001 -0.0022565391092080837
92.2 0.02434997417139457
92.30000000000001 0.04878137677961081
92.4 0.06885528428329528
92.5 0.08277855431028833
92.60000000000001 0.08930746261607363
92.7 0.08785880126642331
92.80000000000001 0.07856197486522393
92.9 0.062247441226612917
93.0 0.040372529051745404
93.10000000000001 0.014891259096216162
93.2 -0.011920202684463335
93.30000000000001 -0.037666868260702105
93.4 -0.06004886467660448
93.5 -0.07706687485155131
93.60000000000001 -0.08720073062052351
93.7 -0.08954520482884487
93.80000000000001 -0.08389087257792008
93.9 -0.07074281852770406
94.0 -0.05127551918829301
94.10000000000001 -0.02722793043116618
94.2 -7.4815174024419E-4
94.30000000000001 0.025798457117454307
94.4 0.05004056663513265
94.5 0.06981270136867439
94.60000000000001 0.08334867540871635
94.7 0.08943936050778949
94.80000000000001 0.08754069390558598
94.9 0.07782227783497507
95.0 0.06115222945965909
95.10000000000001 0.039019634553410724
95.2 0.013401531902783965
95.30000000000001 -0.01341368967959413
95.4 -0.039030706312227374
95.5 -0.0611612261932393
95.60000000000001 -0.07782839589190697
95.7 -0.0875433867780627
95.80000000000001 -0.08943838764953285
95.9 -0.0833441237222569
96.0 -0.06980497744260941
96.10000000000001 -0.050030360424770035
96.2 -0.025786680313171037
96.30000000000001 7.604471515957416E-4
96.4 0.02723964613710884
96.5 0.05128560865970466
96.60000000000001 0.07075038050215733
96.7 0.08389523156675596
96.80000000000001 0.08954597145657298
96.9 0.08719783640657194
97.0 0.07706057832743426
97.10000000000001 0.060039728292065664
97.2 0.03765570814176355
97.30000000000001 0.011908015731312198
97.4 -0.014903384259350744
97.5 -0.0403835093201496
97.60000000000001 -0.06225629576561746
97.7 -0.07856791272522778
97.80000000000001 -0.08786129203607695
97.9 -0.08930628380234187
98.0 -0.08277381121309221
98.10000000000001 -0.06884740058937894
98.2 -0.04877105671587338
98.30000000000001 -0.024338139598394027
98.4 0.0022688310443120083
98.5 0.02867313376697985
98.60000000000001 0.05251615084604141
98.7 0.07166805657631238
98.80000000000001 0.08441806825810035
98.9 0.08962726532060479
99.0 0.08683032570453199
99.10000000000001 0.07627709169579482
99.2 0.05891025225821528
99.30000000000001 0.036281135435936335
99.4 0.010411132839504662
99.5 -0.016388865246512237
99.60000000000001 -0.04172489481021879
99.7 -0.06333376378774312
99.80000000000001 -0.0792852162699702
99.9 -0.08815435651409019
100.0 -0.08914893063662668
